11	9	2015	248.46808	22.91887	NaN	NaN	NaN	NaN	NaN	NaN	7.55
11	9	2015	248.46808	22.91887	29.21	34.493	447.14001	379.70001	67.44	1.75	7.554251071
11	9	2015	248.42921	22.94374	NaN	NaN	NaN	NaN	NaN	NaN	7.61
11	9	2015	248.42921	22.94374	29.21	34.482	447.59	379.64999	67.94001	4.175	7.610616793
11	9	2015	248.39124	22.96829	NaN	NaN	NaN	NaN	NaN	NaN	7.53
11	9	2015	248.39124	22.96829	29.23	34.493	446.91	379.54999	67.36001	9.7	7.534455635
11	9	2015	248.35365	22.99335	NaN	NaN	NaN	NaN	NaN	NaN	7.59
11	9	2015	248.35365	22.99335	29.26	34.495	447.41	379.37	68.04	7.075	7.594065432
11	9	2015	248.31561	23.01792	NaN	NaN	NaN	NaN	NaN	NaN	7.56
11	9	2015	248.31561	23.01792	29.31	34.503	447.20999	379.26001	67.94998	4.025	7.556575242
11	9	2015	248.27795	23.04168	NaN	NaN	NaN	NaN	NaN	NaN	7.41
11	9	2015	248.27795	23.04168	29.36	34.53	445.98001	379.10999	66.87002	4.475	7.408976347
10	9	2015	247.78978	23.58134	27.11	34.039	467.91	380.92999	86.98001	2.8	11.36509403
10	9	2015	247.76512	23.61604	26.99	34.036	467.45001	381.07001	86.38	1.975	11.38608544
10	9	2015	247.74049	23.65079	26.91	34.003	470.75	381.17001	89.57999	1.425	11.87876545
10	9	2015	247.71649	23.68518	27.03	33.992	472.29999	381.14999	91.15	1.45	11.98212204
10	9	2015	247.69313	23.71972	27.07	33.985	472.81	381.14001	91.66999	1.8	12.01573024
10	9	2015	247.66887	23.75188	27	33.983	471.16	381.10001	90.05999	2.475	11.86524708
10	9	2015	247.63914	23.78117	26.99	33.999	470.03	381.14999	88.88001	1.1	11.71751646
10	9	2015	247.61412	23.81428	27.07	34.019	469.19	381.04001	88.14999	1.8	11.55262728
10	9	2015	247.5899	23.84819	27.21	34.037	467.94	380.97	86.97	2.175	11.28134505
10	9	2015	247.56528	23.88223	27.31	34.082	463.89999	380.88	83.01999	2.7	10.68870551
10	9	2015	247.54024	23.91522	27.24	34.138	458.41	380.98001	77.42999	2.75	10.01751502
10	9	2015	247.51466	23.94872	27.2	34.198	454.51999	380.97	73.54999	1.925	9.54081678
10	9	2015	247.48917	23.98217	26.99	34.162	453.73999	381.20001	72.53998	1.575	9.556513526
10	9	2015	247.46326	24.0161	26.61	34.062	457.03	381.59	75.44	2.85	10.22288348
10	9	2015	247.43713	24.04999	26.56	34.028	457.54001	381.70999	75.83002	1.75	10.31494435
10	9	2015	247.41162	24.08426	26.55	34.001	459.38	381.70999	77.67001	4.175	10.57422311
10	9	2015	247.3866	24.11872	26.6	34.017	459.82999	381.73001	78.09998	9.7	10.59317647
10	9	2015	247.36151	24.15365	26.54	34.011	458.79001	381.84	76.95001	7.075	10.48341192
10	9	2015	247.33629	24.18867	26.53	34	458.35001	381.95001	76.4	4.025	10.41660654
10	9	2015	247.3112	24.22289	26.53	33.999	458.25	381.91	76.34	4.475	10.40847167
10	9	2015	247.28613	24.25692	26.53	33.991	457.78	382.01001	75.76999	2.45	10.3311174
10	9	2015	247.2608	24.29125	26.5	33.981	457.28	382.01999	75.26001	2.8	10.28460027
10	9	2015	247.23441	24.32505	26.42	33.968	456.48001	382.10999	74.37002	2.925	10.22329403
10	9	2015	247.20906	24.35818	26.41	33.967	456.57001	382.13	74.44001	3.95	10.24046108
10	9	2015	247.18515	24.39218	26.4	33.955	456.41	382.07999	74.33001	4.85	10.23336452
10	9	2015	247.16176	24.42563	26.42	33.936	456.48999	382.07999	74.41	3.025	10.23022904
10	9	2015	247.13786	24.45878	26.46	33.954	457.70999	382.13	75.57999	4.175	10.35985849
10	9	2015	247.11371	24.49108	26.47	33.967	458.67001	382.12	76.55001	5.5	10.48453849
10	9	2015	247.08958	24.52215	26.42	33.975	459.07999	382.32999	76.75	3.475	10.55013391
10	9	2015	247.06567	24.55338	26.44	33.99	459.91	382.17001	77.73999	2.35	10.66986813
10	9	2015	247.04324	24.58451	26.51	34.017	460.92001	382.04999	78.87002	4.125	10.76833102
10	9	2015	246.90111	24.77628	26.71	34.069	461.70999	382.29999	79.41	3.975	10.68210687
10	9	2015	246.87741	24.80939	26.57	34.042	462.10999	382.54999	79.56	4.725	10.81373992
10	9	2015	246.85426	24.8426	26.37	34.022	461.98001	382.60999	79.37002	5.5	10.94807179
10	9	2015	246.83047	24.87611	26.27	34.01	461.92001	382.66	79.26001	2.625	11.01393442
10	9	2015	246.80699	24.90892	26.03	33.986	462.95999	382.89001	80.06998	2.75	11.32545313
10	9	2015	246.78308	24.94146	26.1	33.956	467.51999	382.73999	84.78	5.325	11.931737
10	9	2015	246.75856	24.97393	26.18	33.962	468.82001	382.67001	86.15	3.475	12.05322594
10	9	2015	246.73421	25.00672	26.34	34.025	468.09	382.60999	85.48001	1.1	11.81666775
10	9	2015	246.70981	25.04	26.72	34.122	469.51999	382.23999	87.28	3.025	11.72946014
10	9	2015	246.6853	25.07258	26.86	34.224	470.73999	382.17001	88.56998	3.85	11.77640438
10	9	2015	246.66127	25.10486	27.01	34.313	470.41	381.97	88.44	1.825	11.6265366
23	7	1998	246.47301	25.113	23.4	33.7	428.79001	367.82	60.97001	3.52	10.49676186
23	7	1998	246.46201	25.128	23.48	33.63	431.88	367.82	64.06	4.72	10.96618568
10	9	2015	246.63692	25.13731	27.23	34.347	469.64999	381.73999	87.91	1.475	11.37128957
23	7	1998	246.453	25.14	23.61	33.59	435.95999	367.82	68.13999	4.44	11.55354766
10	9	2015	246.61319	25.16881	27.35	34.337	467.37	381.76001	85.60999	3	10.97791062
23	7	1998	246.41499	25.192	23.44	33.88	434.01001	367.82	66.19001	2.07001	11.35203489
10	9	2015	246.59009	25.19984	27.56	34.415	461.31	381.48999	79.82001	2.375	10.07687055
23	7	1998	246.40601	25.204	23.47	33.94	428.12	367.82	60.3	1.77	10.3158025
23	7	1998	246.395	25.219	23.59	34.06	423.29999	367.82	55.47999	1.64999	9.401099106
10	9	2015	246.56696	25.23123	27.78	34.523	458.20999	381.19	77.01999	2.125	9.564764636
23	7	1998	246.386	25.232	23.76	34.1	419.98999	367.82	52.16999	1.24001	8.726820775
10	9	2015	246.54276	25.26458	28	34.521	460.45999	381.01999	79.44	3.225	9.709230021
23	7	1998	246.34801	25.284	23.43	34.14	414.78	367.82	46.96	4.49001	8.050530455
23	7	1998	246.34	25.296	23.58	34.12	414.95999	367.82	47.13999	5.47	7.991706045
10	9	2015	246.51981	25.29661	28.04	34.526	459.59	381	78.59	1.05	9.577336119
23	7	1998	246.328	25.311	23.82	34.11	417.75	367.82	49.93	5.46001	8.314346273
23	7	1998	246.319	25.323	23.78	34.11	420.32999	367.82	52.50999	4.14	8.770165901
10	9	2015	246.49724	25.32698	28.1	34.56	453.54999	380.92001	72.62998	1.375	8.811343211
10	9	2015	246.47415	25.35739	28.09	34.577	449.35999	380.85999	68.5	3.475	8.315710763
23	7	1998	246.27699	25.373	23.78	34.09	422.12	367.82	54.3	1.28999	9.06994956
23	7	1998	246.26801	25.385	23.74	34.07	422.64999	367.82	54.82999	0.62	9.186756574
10	9	2015	246.45158	25.38768	28.1	34.588	447.53	380.82999	66.70001	1.975	8.09095061
23	7	1998	246.255	25.399	23.59	34.09	422.51999	367.82	54.69999	3.29001	9.267671848
23	7	1998	246.246	25.411	23.53	34.09	422.22	367.82	54.4	5.32001	9.258392889
23	7	1998	246.20399	25.459	23.62	34.18	416.5	367.82	48.68	3.75	8.22585793
23	7	1998	246.194	25.47	23.81	34.17	415.41	367.82	47.59	1.22	7.928473169
23	7	1998	246.181	25.484	23.9	34.04	417.37	367.82	49.55	0.7	8.204457715
23	7	1998	246.17101	25.495	23.73	33.96	420.5	367.82	52.68	4.89	8.837519168
23	7	1998	246.12801	25.544	NaN	NaN	NaN	NaN	NaN	NaN	11.42
23	7	1998	246.12801	25.544	21.38	33.45	424.67999	367.82	56.85999	2.34	11.4235165
23	7	1998	246.118	25.555	NaN	NaN	NaN	NaN	NaN	NaN	10.19
23	7	1998	246.118	25.555	21.6	33.42	419.38	367.82	51.56	0.82001	10.18698966
23	7	1998	246.105	25.569	NaN	NaN	NaN	NaN	NaN	NaN	9.94
23	7	1998	246.105	25.569	21.2	33.41	416.60999	367.82	48.78999	0.79001	9.940468459
23	7	1998	246.09399	25.58	NaN	NaN	NaN	NaN	NaN	NaN	9.22
23	7	1998	246.09399	25.58	21.39	33.45	413.73999	367.82	45.91999	3.24001	9.21853037
23	7	1998	246.05099	25.629	NaN	NaN	NaN	NaN	NaN	NaN	9.88
23	7	1998	246.05099	25.629	21.79	33.47	418.54999	367.82	50.72999	3.10001	9.876222668
23	7	1998	246.041	25.641	NaN	NaN	NaN	NaN	NaN	NaN	9.77
23	7	1998	246.041	25.641	21.93	33.48	418.54999	367.82	50.72999	4.35001	9.770847504
23	7	1998	246.028	25.656	NaN	NaN	NaN	NaN	NaN	NaN	9.85
23	7	1998	246.028	25.656	21.97	33.49	419.10001	367.82	51.28001	5.90001	9.846267447
23	7	1998	246.01801	25.667	NaN	NaN	NaN	NaN	NaN	NaN	9.81
23	7	1998	246.01801	25.667	22.16	33.51	419.64001	367.82	51.82001	5.90001	9.806184401
10	9	2015	246.21625	25.70802	NaN	NaN	NaN	NaN	NaN	NaN	10.16
10	9	2015	246.21625	25.70802	27.31	34.239	460.56	381.56	79	2	10.16418277
23	7	1998	245.97501	25.717	NaN	NaN	NaN	NaN	NaN	NaN	9.05
23	7	1998	245.97501	25.717	22.25	33.61	416	367.82	48.18	3.56	9.051071876
23	7	1998	245.965	25.728	NaN	NaN	NaN	NaN	NaN	NaN	9.22
23	7	1998	245.965	25.728	22.39	33.67	417.45001	367.82	49.63001	1.32001	9.222385096
23	7	1998	245.952	25.742	NaN	NaN	NaN	NaN	NaN	NaN	9.27
23	7	1998	245.952	25.742	22.57	33.69	418.42001	367.82	50.60001	2.44	9.274404258
23	7	1998	245.942	25.754	NaN	NaN	NaN	NaN	NaN	NaN	9.76
23	7	1998	245.942	25.754	22.24	33.64	419.75	367.82	51.93	3.10001	9.761620056
10	9	2015	246.08473	25.8851	NaN	NaN	NaN	NaN	NaN	NaN	9.77
10	9	2015	246.08473	25.8851	27.69	34.36	459.60001	381.53	78.07001	2.275	9.765619783
10	9	2015	246.06245	25.9136	NaN	NaN	NaN	NaN	NaN	NaN	9.12
10	9	2015	246.06245	25.9136	27.76	34.437	455.04001	381.75	73.29001	1.925	9.118176395
10	9	2015	246.04021	25.94157	NaN	NaN	NaN	NaN	NaN	NaN	8.83
10	9	2015	246.04021	25.94157	27.87	34.496	453	381.42999	71.57001	1.15	8.831141757
10	9	2015	246.01904	25.96911	NaN	NaN	NaN	NaN	NaN	NaN	8.53
10	9	2015	246.01904	25.96911	27.84	34.488	450.81	381.82999	68.98001	0.625	8.530395963
10	9	2015	245.9975	25.99781	NaN	NaN	NaN	NaN	NaN	NaN	8.83
10	9	2015	245.9975	25.99781	27.67	34.4	452.26999	381.79999	70.47	2.7	8.826231415
10	9	2015	245.97594	26.02669	NaN	NaN	NaN	NaN	NaN	NaN	10.49
10	9	2015	245.97594	26.02669	27.31	34.169	463.79999	382.32001	81.47998	3.1	10.48645592
10	9	2015	245.95441	26.05553	NaN	NaN	NaN	NaN	NaN	NaN	10.78
10	9	2015	245.95441	26.05553	27.22	34.116	466.09	382.89999	83.19001	3	10.77944734
10	9	2015	245.93263	26.08507	NaN	NaN	NaN	NaN	NaN	NaN	10.56
10	9	2015	245.93263	26.08507	27.24	34.139	464.45999	382.84	81.61999	2.475	10.55955078
10	9	2015	245.91013	26.11555	NaN	NaN	NaN	NaN	NaN	NaN	10.48
10	9	2015	245.91013	26.11555	27.33	34.141	464.35999	382.82999	81.53	2.35	10.47890184
10	9	2015	245.88773	26.14563	NaN	NaN	NaN	NaN	NaN	NaN	10.16
10	9	2015	245.88773	26.14563	27.36	34.182	462.23001	383	79.23001	4.725	10.15925722
10	9	2015	245.86508	26.1759	NaN	NaN	NaN	NaN	NaN	NaN	9.53
10	9	2015	245.86508	26.1759	27.47	34.264	457.88	382.95001	74.92999	2.625	9.527889987
10	9	2015	245.84288	26.20571	NaN	NaN	NaN	NaN	NaN	NaN	8.98
10	9	2015	245.84288	26.20571	27.54	34.335	453.95001	382.94	71.01001	6.1	8.980817551
10	9	2015	245.81978	26.23639	NaN	NaN	NaN	NaN	NaN	NaN	8.79
10	9	2015	245.81978	26.23639	27.61	34.353	452.60999	382.78	69.82999	4.9	8.786071232
10	9	2015	245.77432	26.29704	NaN	NaN	NaN	NaN	NaN	NaN	8.97
10	9	2015	245.77432	26.29704	27.42	34.382	452.79999	382.51001	70.28998	4.65	8.965844441
10	9	2015	245.75261	26.32663	NaN	NaN	NaN	NaN	NaN	NaN	8.72
10	9	2015	245.75261	26.32663	27.36	34.434	450.35001	382.29999	68.05002	6.1	8.716134818
10	9	2015	245.73123	26.35676	NaN	NaN	NaN	NaN	NaN	NaN	8.8
10	9	2015	245.73123	26.35676	27.3	34.422	450.62	382.19	68.43	5.425	8.803631831
10	9	2015	245.70868	26.38808	NaN	NaN	NaN	NaN	NaN	NaN	8.52
10	9	2015	245.70868	26.38808	27.35	34.437	448.63	382.17001	66.45999	5.2	8.518563864
10	9	2015	245.68596	26.41915	NaN	NaN	NaN	NaN	NaN	NaN	7.67
10	9	2015	245.68596	26.41915	27.28	34.463	441.70001	382.17999	59.52002	2.525	7.667138151
10	9	2015	245.6637	26.44934	NaN	NaN	NaN	NaN	NaN	NaN	7.32
10	9	2015	245.6637	26.44934	27.05	34.482	438.22	382.32999	55.89001	2.15	7.320620845
10	9	2015	245.64238	26.47817	NaN	NaN	NaN	NaN	NaN	NaN	7.41
10	9	2015	245.64238	26.47817	26.97	34.491	438.62	382.39999	56.22001	2.15	7.406656355
10	9	2015	245.62085	26.50646	NaN	NaN	NaN	NaN	NaN	NaN	8.01
10	9	2015	245.62085	26.50646	26.62	34.379	441.95999	382.73999	59.22	5.35	8.007894126
10	9	2015	245.59731	26.53615	NaN	NaN	NaN	NaN	NaN	NaN	8.72
10	9	2015	245.59731	26.53615	25.94	34.226	444.64001	383.32001	61.32	4.275	8.721683329
10	9	2015	245.57272	26.56412	NaN	NaN	NaN	NaN	NaN	NaN	8.53
10	9	2015	245.57272	26.56412	25.78	34.224	442.78	383.48001	59.29999	4.475	8.534294617
10	9	2015	245.54063	26.58402	NaN	NaN	NaN	NaN	NaN	NaN	8.48
10	9	2015	245.54063	26.58402	26.11	34.282	443.70999	383.35999	60.35	6.075	8.475088281
10	9	2015	245.50356	26.60143	NaN	NaN	NaN	NaN	NaN	NaN	8.6
10	9	2015	245.50356	26.60143	26.25	34.298	445.29999	383.45001	61.84998	5.675	8.596352681
10	9	2015	245.46671	26.61899	NaN	NaN	NaN	NaN	NaN	NaN	9.05
10	9	2015	245.46671	26.61899	26.3	34.262	448.84	383.53	65.31	5.975	9.045462747
10	9	2015	245.43069	26.63662	NaN	NaN	NaN	NaN	NaN	NaN	9.16
10	9	2015	245.43069	26.63662	26.12	34.224	448.98999	383.76001	65.22998	5.7	9.156013761
10	9	2015	245.39525	26.65443	NaN	NaN	NaN	NaN	NaN	NaN	9.32
10	9	2015	245.39525	26.65443	25.73	34.174	448.88	384.38	64.5	6	9.318956118
10	9	2015	245.36011	26.67239	NaN	NaN	NaN	NaN	NaN	NaN	9.09
10	9	2015	245.36011	26.67239	25.84	34.201	447.81	384.35999	63.45001	3.225	9.092253775
10	9	2015	245.32687	26.69005	NaN	NaN	NaN	NaN	NaN	NaN	8.55
10	9	2015	245.32687	26.69005	26.15	34.243	444.98999	383.94	61.04999	3.375	8.549722064
10	9	2015	245.09315	26.77317	NaN	NaN	NaN	NaN	NaN	NaN	10.48
10	9	2015	245.09315	26.77317	24.34	33.701	450.78	385.5	65.28	1.85	10.47596529
10	9	2015	245.05008	26.78468	NaN	NaN	NaN	NaN	NaN	NaN	10.28
10	9	2015	245.05008	26.78468	24.42	33.716	449.95001	385.51999	64.43002	0.95	10.27748523
10	9	2015	245.00485	26.79572	NaN	NaN	NaN	NaN	NaN	NaN	10.15
10	9	2015	245.00485	26.79572	24.48	33.758	449.5	385.57001	63.92999	3.4	10.15039846
10	9	2015	244.95801	26.80672	NaN	NaN	NaN	NaN	NaN	NaN	9.9
10	9	2015	244.95801	26.80672	24.63	33.844	448.42001	385.32001	63.1	4.8	9.903735377
10	9	2015	244.91167	26.81771	NaN	NaN	NaN	NaN	NaN	NaN	9.63
10	9	2015	244.91167	26.81771	24.71	33.922	446.79001	385.01999	61.77002	3.675	9.6342146
10	9	2015	244.86478	26.82937	NaN	NaN	NaN	NaN	NaN	NaN	9.57
10	9	2015	244.86478	26.82937	24.74	33.948	446.07999	384.56	61.51999	4.4	9.572766645
10	9	2015	244.81717	26.84144	NaN	NaN	NaN	NaN	NaN	NaN	9.66
10	9	2015	244.81717	26.84144	24.76	33.951	446.29999	384.14999	62.15	5.825	9.656329413
10	9	2015	244.76953	26.85405	NaN	NaN	NaN	NaN	NaN	NaN	9.69
10	9	2015	244.76953	26.85405	24.71	33.922	446.14999	384.04001	62.10998	6.175	9.687237856
10	9	2015	244.72157	26.86721	NaN	NaN	NaN	NaN	NaN	NaN	9.79
10	9	2015	244.72157	26.86721	24.65	33.891	446.51999	384.06	62.45999	4.925	9.786675829
10	9	2015	244.67313	26.88051	NaN	NaN	NaN	NaN	NaN	NaN	9.96
10	9	2015	244.67313	26.88051	24.69	33.886	447.76999	384.01999	63.75	4.35	9.959405094
10	9	2015	244.62398	26.89389	NaN	NaN	NaN	NaN	NaN	NaN	10.04
10	9	2015	244.62398	26.89389	24.72	33.891	448.41	383.98999	64.42001	3.325	10.04146823
10	9	2015	244.57477	26.90629	NaN	NaN	NaN	NaN	NaN	NaN	9.86
10	9	2015	244.57477	26.90629	24.62	33.894	446.81	384.01001	62.79999	5.675	9.861765274
10	9	2015	244.52486	26.91934	NaN	NaN	NaN	NaN	NaN	NaN	9.84
10	9	2015	244.52486	26.91934	24.69	33.902	447	384.04001	62.95999	5.425	9.835281369
10	9	2015	244.4749	26.93349	NaN	NaN	NaN	NaN	NaN	NaN	9.65
10	9	2015	244.4749	26.93349	24.67	33.92	445.69	384.03	61.66	5.8	9.645739711
10	9	2015	244.42552	26.94715	NaN	NaN	NaN	NaN	NaN	NaN	9.57
10	9	2015	244.42552	26.94715	24.58	33.925	444.76001	383.97	60.79001	6.85	9.573209784
10	9	2015	244.37675	26.96018	NaN	NaN	NaN	NaN	NaN	NaN	9.72
10	9	2015	244.37675	26.96018	24.35	33.813	444.64001	383.97	60.67001	5.275	9.724033002
10	9	2015	244.32693	26.97235	NaN	NaN	NaN	NaN	NaN	NaN	10.06
10	9	2015	244.32693	26.97235	24.11	33.72	445.54001	383.91	61.63001	4.875	10.06037027
10	9	2015	244.27679	26.9847	NaN	NaN	NaN	NaN	NaN	NaN	9.05
10	9	2015	244.27679	26.9847	24.25	33.749	439.72	383.67001	56.04999	4.775	9.053308567
10	9	2015	244.2267	26.99738	NaN	NaN	NaN	NaN	NaN	NaN	9.03
10	9	2015	244.2267	26.99738	24.23	33.751	439.45999	383.64001	55.81998	5.225	9.029523676
10	9	2015	244.17616	27.01048	NaN	NaN	NaN	NaN	NaN	NaN	9.04
10	9	2015	244.17616	27.01048	24.16	33.747	439.26001	383.69	55.57001	7	9.036282684
7	7	2002	240.847	27.037	NaN	NaN	NaN	NaN	NaN	NaN	-5.89
7	7	2002	240.847	27.037	17.97	33.57	351.54001	374.01	-22.46999	3.8	-5.894594674
7	7	2002	240.856	27.052	NaN	NaN	NaN	NaN	NaN	NaN	-5.58
7	7	2002	240.856	27.052	17.91	33.52	352.85999	374.01	-21.15001	3.5	-5.576433834
7	7	2002	240.87601	27.1	NaN	NaN	NaN	NaN	NaN	NaN	-5.09
7	7	2002	240.87601	27.1	17.94	33.51	354.64999	374.01	-19.36001	3.39	-5.092438862
7	7	2002	240.873	27.118	NaN	NaN	NaN	NaN	NaN	NaN	-5.07
7	7	2002	240.873	27.118	17.94	33.52	354.73999	374.01	-19.27001	3.3	-5.068525368
7	7	2002	240.882	27.144	NaN	NaN	NaN	NaN	NaN	NaN	-5.26
7	7	2002	240.882	27.144	17.89	33.52	354.10999	374.01	-19.90001	2.55	-5.255294478
7	7	2002	240.89099	27.159	NaN	NaN	NaN	NaN	NaN	NaN	-5.43
7	7	2002	240.89099	27.159	17.85	33.5	353.53	374.01	-20.48	2.57001	-5.426390649
7	7	2002	240.909	27.211	NaN	NaN	NaN	NaN	NaN	NaN	-5.29
7	7	2002	240.909	27.211	18	33.55	353.79999	374.01	-20.21001	3.67	-5.289484603
7	7	2002	240.907	27.226	NaN	NaN	NaN	NaN	NaN	NaN	-5.24
7	7	2002	240.907	27.226	17.99	33.54	353.98999	374.01	-20.02001	2.18001	-5.244209988
7	7	2002	240.914	27.242	NaN	NaN	NaN	NaN	NaN	NaN	-4.98
7	7	2002	240.914	27.242	18.03	33.53	354.94	374.01	-19.07	2.63	-4.97959159
7	7	2002	240.922	27.256	NaN	NaN	NaN	NaN	NaN	NaN	-5
7	7	2002	240.922	27.256	18.05	33.55	354.84	374.01	-19.17	2.7	-4.997211244
7	7	2002	240.94	27.319	NaN	NaN	NaN	NaN	NaN	NaN	-5.08
7	7	2003	240.94	27.319	18.07	33.56	354.5	374.01	-19.51	2.07001	-5.077456219
7	7	2002	240.94901	27.336	NaN	NaN	NaN	NaN	NaN	NaN	-5.03
7	7	2002	240.94901	27.336	18.07	33.56	354.70001	374.01	-19.30999	1.7	-5.025403835
7	7	2002	240.94699	27.351	NaN	NaN	NaN	NaN	NaN	NaN	-5.08
7	7	2002	240.94699	27.351	18.06	33.57	354.48999	374.01	-19.52001	0.38	-5.083893583
7	7	2002	240.95599	27.366	NaN	NaN	NaN	NaN	NaN	NaN	-5.26
7	7	2002	240.95599	27.366	18.04	33.57	353.84	374.01	-20.17	1.40001	-5.26160868
8	7	2002	240.97699	27.419	NaN	NaN	NaN	NaN	NaN	NaN	-5.33
8	7	2002	240.97699	27.419	17.96	33.55	353.70999	374.01	-20.30001	0.33	-5.330120024
8	7	2002	240.97501	27.434	NaN	NaN	NaN	NaN	NaN	NaN	-5.38
8	7	2002	240.97501	27.434	17.95	33.55	353.51999	374.01	-20.49001	0.14999	-5.384328052
8	7	2002	240.98401	27.46	NaN	NaN	NaN	NaN	NaN	NaN	-5.42
8	7	2002	240.98401	27.46	17.95	33.55	353.37	374.01	-20.64	0.77	-5.423742155
8	7	2002	240.993	27.476	NaN	NaN	NaN	NaN	NaN	NaN	-5.34
8	7	2002	240.993	27.476	17.96	33.55	353.66	374.01	-20.35	1.07001	-5.343245767
8	7	2002	241.017	27.527	NaN	NaN	NaN	NaN	NaN	NaN	-5.34
8	7	2002	241.017	27.527	18.03	33.56	353.56	374.01	-20.45	2.2	-5.33918169
8	7	2002	241.01599	27.544	NaN	NaN	NaN	NaN	NaN	NaN	-5.38
8	7	2002	241.01599	27.544	18.04	33.57	353.39999	374.01	-20.61001	2.2	-5.376391052
8	7	2002	241.02499	27.56	NaN	NaN	NaN	NaN	NaN	NaN	-5.47
8	7	2002	241.02499	27.56	18.03	33.57	353.07001	374.01	-20.93999	2.02	-5.466851909
8	7	2002	241.02301	27.574	NaN	NaN	NaN	NaN	NaN	NaN	-5.41
8	7	2002	241.02301	27.574	18.03	33.57	353.29001	374.01	-20.71999	0.28	-5.409415997
8	7	2002	241.05	27.64	NaN	NaN	NaN	NaN	NaN	NaN	-5.24
8	7	2002	241.05	27.64	18.07	33.57	353.87	374.01	-20.14	0.14999	-5.241165122
8	7	2002	241.05899	27.654	NaN	NaN	NaN	NaN	NaN	NaN	-5.34
8	7	2002	241.05899	27.654	18.06	33.56	353.48999	374.01	-20.52001	1.28999	-5.344591626
8	7	2002	241.05701	27.669	NaN	NaN	NaN	NaN	NaN	NaN	-5.37
8	7	2002	241.05701	27.669	18.04	33.56	353.42999	374.01	-20.58001	1.89	-5.368819152
8	7	2002	241.06799	27.683	NaN	NaN	NaN	NaN	NaN	NaN	-5.45
8	7	2002	241.06799	27.683	18.02	33.55	353.16	374.01	-20.85	1.13	-5.44824014
8	7	2002	241.08701	27.737	NaN	NaN	NaN	NaN	NaN	NaN	-5.61
8	7	2002	241.08701	27.737	17.96	33.54	352.64999	374.01	-21.36001	2.03	-5.608706927
8	7	2002	241.09601	27.754	NaN	NaN	NaN	NaN	NaN	NaN	-5.56
8	7	2002	241.09601	27.754	17.95	33.52	352.85999	374.01	-21.15001	0.64999	-5.558551072
8	7	2002	241.09201	27.769	NaN	NaN	NaN	NaN	NaN	NaN	-5.49
8	7	2002	241.09201	27.769	17.96	33.51	353.10999	374.01	-20.90001	5	-5.488699651
8	7	2002	241.10001	27.784	NaN	NaN	NaN	NaN	NaN	NaN	-5.46
8	7	2002	241.10001	27.784	17.97	33.51	353.22	374.01	-20.79	1.09999	-5.45542892
8	7	2002	241.12	27.848	NaN	NaN	NaN	NaN	NaN	NaN	-5.6
8	7	2002	241.12	27.848	17.86	33.48	352.85999	374.01	-21.15001	1.40001	-5.59994422
NaN	8	NaN	242.5	28	21.84	33.74	402.64	366.45	36.19	6.65	7.010018547
NaN	9	NaN	242.5	28	22.22	33.68	394.52	365.48	29.04	6.56	5.466139399
NaN	7	NaN	242.5	28	20.75	33.68	386.46	368.67	17.79	6.6	3.747770575
16	7	2002	239.55301	29.527	NaN	NaN	NaN	NaN	NaN	NaN	-5.72
16	7	2002	239.55301	29.527	16.54	33.36	354.60999	374.01	-19.40001	4.8	-5.720948296
16	7	2002	239.564	29.539	NaN	NaN	NaN	NaN	NaN	NaN	-5.7
16	7	2002	239.564	29.539	16.52	33.35	354.72	374.01	-19.29	6.07001	-5.698120054
16	7	2002	239.61099	29.579	NaN	NaN	NaN	NaN	NaN	NaN	-5.3
16	7	2002	239.61099	29.579	16.52	33.34	356.07999	374.01	-17.93001	4.2	-5.296642687
16	7	2002	239.631	29.59	NaN	NaN	NaN	NaN	NaN	NaN	-5.57
16	7	2002	239.631	29.59	16.54	33.34	355.10999	374.01	-18.90001	3.65001	-5.574034482
16	7	2002	239.642	29.61	NaN	NaN	NaN	NaN	NaN	NaN	-5.22
16	7	2002	239.642	29.61	16.56	33.34	356.28	374.01	-17.73	5.85001	-5.220403201
16	7	2002	239.65399	29.62	NaN	NaN	NaN	NaN	NaN	NaN	-5.29
16	7	2002	239.65399	29.62	16.57	33.34	356.04001	374.01	-17.96999	6	-5.286729351
16	7	2002	239.7	29.662	NaN	NaN	NaN	NaN	NaN	NaN	-5.93
16	7	2002	239.7	29.662	16.57	33.49	353.85001	374.01	-20.15999	5.47	-5.92676914
15	9	2002	240.62399	29.668	NaN	NaN	NaN	NaN	NaN	NaN	13.77
15	9	2002	240.62399	29.668	20.52	33.548	434.92001	370.75	64.17001	3.55	13.76972676
16	7	2002	239.711	29.673	NaN	NaN	NaN	NaN	NaN	NaN	-5.89
16	7	2002	239.711	29.673	16.57	33.49	353.95999	374.01	-20.05001	4.77	-5.894436481
15	9	2002	240.634	29.677	NaN	NaN	NaN	NaN	NaN	NaN	13.74
15	9	2002	240.634	29.677	20.64	33.563	435.37	370.75	64.62	3.27	13.7370608
16	7	2002	239.733	29.694	NaN	NaN	NaN	NaN	NaN	NaN	-5.82
16	7	2002	239.733	29.694	16.6	33.49	354.17999	374.01	-19.83001	4.62	-5.815443261
16	7	2002	239.745	29.704	NaN	NaN	NaN	NaN	NaN	NaN	-5.81
16	7	2002	239.745	29.704	16.62	33.49	354.17001	374.01	-19.83999	4.77	-5.808844395
15	9	2002	240.71701	29.749	NaN	NaN	NaN	NaN	NaN	NaN	14.29
15	9	2002	240.71701	29.749	20.59	33.554	437.69	370.75	66.94	5.45	14.28603423
15	9	2002	240.72699	29.758	NaN	NaN	NaN	NaN	NaN	NaN	14.19
15	9	2002	240.72699	29.758	20.55	33.535	437.01001	370.75	66.26001	4.79001	14.18604379
15	9	2002	240.73801	29.767	NaN	NaN	NaN	NaN	NaN	NaN	14
15	9	2002	240.73801	29.767	20.58	33.545	436.29001	370.75	65.54001	5.10001	13.998675
15	9	2002	240.74701	29.775	NaN	NaN	NaN	NaN	NaN	NaN	13.94
15	9	2002	240.74701	29.775	20.57	33.555	435.98001	370.75	65.23001	3.92	13.94261065
15	9	2002	240.757	29.784	NaN	NaN	NaN	NaN	NaN	NaN	14.19
15	9	2002	240.757	29.784	20.55	33.548	437.01999	370.75	66.26999	6.32001	14.18732499
15	9	2002	240.78799	29.812	NaN	NaN	NaN	NaN	NaN	NaN	14.56
15	9	2002	240.78799	29.812	20.11	33.475	436.45999	370.75	65.70999	6.42	14.56157801
15	9	2002	240.798	29.82	NaN	NaN	NaN	NaN	NaN	NaN	14.54
15	9	2002	240.798	29.82	20.1	33.474	436.32001	370.75	65.57001	4.2	14.5419517
15	9	2002	240.80701	29.829	NaN	NaN	NaN	NaN	NaN	NaN	14.46
15	9	2002	240.80701	29.829	20.11	33.475	435.98999	370.75	65.23999	1.97	14.45742426
15	9	2002	240.817	29.838	NaN	NaN	NaN	NaN	NaN	NaN	14.29
15	9	2002	240.817	29.838	20.03	33.472	434.82001	370.75	64.07001	1.45	14.28717003
15	9	2002	240.827	29.846	NaN	NaN	NaN	NaN	NaN	NaN	14.16
15	9	2002	240.827	29.846	19.96	33.47	433.89999	370.75	63.14999	3.58	14.15926915
15	9	2002	240.836	29.855	NaN	NaN	NaN	NaN	NaN	NaN	13.97
15	9	2002	240.836	29.855	19.86	33.468	432.57999	370.75	61.82999	4.5	13.97214962
15	9	2002	240.84601	29.863	NaN	NaN	NaN	NaN	NaN	NaN	13.88
15	9	2002	240.84601	29.863	19.81	33.466	431.92001	370.75	61.17001	5.92	13.87728636
15	9	2002	240.856	29.871	NaN	NaN	NaN	NaN	NaN	NaN	13.63
15	9	2002	240.856	29.871	19.75	33.465	430.54001	370.75	59.79001	5.8	13.62810919
15	9	2002	240.866	29.88	NaN	NaN	NaN	NaN	NaN	NaN	13.6
15	9	2002	240.866	29.88	19.71	33.464	430.20999	370.75	59.45999	5.10001	13.59546416
15	9	2002	240.87601	29.888	NaN	NaN	NaN	NaN	NaN	NaN	13.58
15	9	2002	240.87601	29.888	19.68	33.464	429.98999	370.75	59.23999	5.48	13.57703098
15	9	2002	240.886	29.896	NaN	NaN	NaN	NaN	NaN	NaN	13.63
15	9	2002	240.886	29.896	19.65	33.463	430.09	370.75	59.34	6.5	13.63202694
15	9	2002	240.89499	29.905	NaN	NaN	NaN	NaN	NaN	NaN	13.75
15	9	2002	240.89499	29.905	19.72	33.464	430.94	370.75	60.19	4.95	13.75160638
15	9	2002	240.905	29.913	NaN	NaN	NaN	NaN	NaN	NaN	13.88
15	9	2002	240.905	29.913	19.78	33.465	431.78	370.75	61.03	5.60001	13.87812101
15	9	2002	240.914	29.921	NaN	NaN	NaN	NaN	NaN	NaN	14.1
15	9	2002	240.914	29.921	19.83	33.466	432.98999	370.75	62.23999	4.52	14.09795826
15	9	2002	240.92401	29.93	NaN	NaN	NaN	NaN	NaN	NaN	14.28
15	9	2002	240.92401	29.93	19.83	33.467	433.81	370.75	63.06	5.60001	14.2836318
15	9	2002	240.933	29.939	NaN	NaN	NaN	NaN	NaN	NaN	14.18
15	9	2002	240.933	29.939	19.87	33.467	433.54001	370.75	62.79001	3.72	14.17807221
15	9	2002	240.942	29.947	NaN	NaN	NaN	NaN	NaN	NaN	14.21
15	9	2002	240.942	29.947	19.91	33.47	433.87	370.75	63.12	3.65001	14.20791045
15	9	2002	240.95099	29.956	NaN	NaN	NaN	NaN	NaN	NaN	14.1
15	9	2002	240.95099	29.956	19.86	33.473	433.14001	370.75	62.39001	1.18001	14.0983724
15	9	2002	240.96201	29.966	NaN	NaN	NaN	NaN	NaN	NaN	13.94
15	9	2002	240.96201	29.966	19.78	33.475	432.06	370.75	61.31	3.17	13.94114184
15	9	2002	240.97101	29.975	NaN	NaN	NaN	NaN	NaN	NaN	13.92
15	9	2002	240.97101	29.975	19.7	33.478	431.57001	370.75	60.82001	0.77	13.91641789
15	9	2002	240.98001	29.984	NaN	NaN	NaN	NaN	NaN	NaN	13.95
15	9	2002	240.98001	29.984	19.63	33.474	431.39999	370.75	60.64999	1.45	13.95411245
15	9	2002	240.98801	29.993	NaN	NaN	NaN	NaN	NaN	NaN	14.12
15	9	2002	240.98801	29.993	19.78	33.479	432.85999	370.75	62.10999	4.47	14.12278609
8	7	2002	241.83899	30.001	NaN	NaN	NaN	NaN	NaN	NaN	-6.83
8	7	2002	241.83899	30.001	16.67	33.44	350.59	374.01	-23.42	1.93001	-6.830632762
15	9	2002	240.99701	30.002	NaN	NaN	NaN	NaN	NaN	NaN	14.21
15	9	2002	240.99701	30.002	19.83	33.481	433.51001	370.75	62.76001	4.10001	14.21475299
24	7	1998	243.34	30.054	NaN	NaN	NaN	NaN	NaN	NaN	3.41
24	7	1998	243.34	30.054	19.77	33.19	382.76999	367.82	14.94999	5.42	3.406634377
8	7	2002	241.858	30.063	NaN	NaN	NaN	NaN	NaN	NaN	-7.26
8	7	2002	241.858	30.063	16.62	33.46	349.22	374.01	-24.79	0.90001	-7.259172342
8	7	2002	241.867	30.079	NaN	NaN	NaN	NaN	NaN	NaN	-7.32
8	7	2002	241.867	30.079	16.58	33.44	349.09	374.01	-24.92	3.64	-7.321896495
8	7	2002	241.87399	30.095	NaN	NaN	NaN	NaN	NaN	NaN	-7.04
8	7	2002	241.87399	30.095	16.6	33.41	350	374.01	-24.01	5.40001	-7.043980916
8	7	2002	241.883	30.11	NaN	NaN	NaN	NaN	NaN	NaN	-6.57
8	7	2002	241.883	30.11	16.67	33.43	351.48001	374.01	-22.52999	4.95	-6.571368169
24	7	1998	243.32401	30.114	NaN	NaN	NaN	NaN	NaN	NaN	4.46
24	7	1998	243.32401	30.114	19.99	33.18	387.70999	367.82	19.88999	8.19	4.455250076
24	7	1998	243.32001	30.128	NaN	NaN	NaN	NaN	NaN	NaN	4.59
24	7	1998	243.32001	30.128	20.05	33.18	388.42999	367.82	20.60999	8.87	4.594967704
24	7	1998	243.31599	30.146	NaN	NaN	NaN	NaN	NaN	NaN	4.78
24	7	1998	243.31599	30.146	20.1	33.17	389.35001	367.82	21.53001	4.87	4.781633704
8	7	2002	241.89499	30.154	NaN	NaN	NaN	NaN	NaN	NaN	-7.16
8	7	2002	241.89499	30.154	16.77	33.49	349.26001	374.01	-24.74999	5.17	-7.158028007
24	7	1998	243.312	30.161	NaN	NaN	NaN	NaN	NaN	NaN	4.89
24	7	1998	243.312	30.161	20.17	33.19	389.95001	367.82	22.13001	6.64	4.887706629
8	7	2002	241.892	30.176	NaN	NaN	NaN	NaN	NaN	NaN	-7.51
8	7	2002	241.892	30.176	16.68	33.48	348.23999	374.01	-25.77001	5.47	-7.508447946
8	7	2002	241.899	30.184	NaN	NaN	NaN	NaN	NaN	NaN	-7.61
8	7	2002	241.899	30.184	16.66	33.47	347.94	374.01	-26.07	4.95	-7.608662317
8	7	2002	241.905	30.194	NaN	NaN	NaN	NaN	NaN	NaN	-8.03
8	7	2002	241.905	30.194	16.61	33.47	346.60999	374.01	-27.40001	4.35001	-8.029644403
24	7	1998	243.295	30.222	NaN	NaN	NaN	NaN	NaN	NaN	5.84
24	7	1998	243.295	30.222	20.4	33.21	394.72	367.82	26.9	2.45	5.835383396
8	7	2002	241.927	30.233	NaN	NaN	NaN	NaN	NaN	NaN	-8.15
8	7	2002	241.927	30.233	16.14	33.36	347.28	374.01	-26.73	3.3	-8.146253912
24	7	1998	243.291	30.236	NaN	NaN	NaN	NaN	NaN	NaN	6.25
24	7	1998	243.291	30.236	20.44	33.21	396.72	367.82	28.9	5.02	6.249807728
8	7	2002	241.916	30.237	NaN	NaN	NaN	NaN	NaN	NaN	-9.48
8	7	2002	241.916	30.237	16.26	33.42	342.60001	374.01	-31.40999	2.32001	-9.475553462
8	7	2002	241.92	30.24	NaN	NaN	NaN	NaN	NaN	NaN	-8.48
8	7	2002	241.92	30.24	16.22	33.4	346	374.01	-28.01	2.13	-8.478578322
8	7	2002	241.923	30.242	NaN	NaN	NaN	NaN	NaN	NaN	-8.31
8	7	2002	241.923	30.242	16.17	33.39	346.67001	374.01	-27.33999	2.47	-8.310358546
24	7	1998	243.286	30.255	NaN	NaN	NaN	NaN	NaN	NaN	6.39
24	7	1998	243.286	30.255	20.36	33.23	397.17001	367.82	29.35001	5.72	6.386074773
24	7	1998	243.282	30.269	NaN	NaN	NaN	NaN	NaN	NaN	6.48
8	7	2002	241.93399	30.269	NaN	NaN	NaN	NaN	NaN	NaN	-7.94
8	7	2002	241.94	30.269	NaN	NaN	NaN	NaN	NaN	NaN	-8
24	7	1998	243.282	30.269	20.3	33.22	397.45001	367.82	29.63001	5.82001	6.477425985
8	7	2002	241.93399	30.269	16.08	33.36	348.10001	374.01	-25.90999	5.32001	-7.935566444
8	7	2002	241.94	30.269	16.07	33.35	347.92001	374.01	-26.08999	3.82001	-7.997684329
8	7	2002	241.942	30.271	NaN	NaN	NaN	NaN	NaN	NaN	-7.89
8	7	2002	241.942	30.271	16.05	33.36	348.29999	374.01	-25.71001	2.32001	-7.893862355
8	7	2002	241.94501	30.274	NaN	NaN	NaN	NaN	NaN	NaN	-8.42
8	7	2002	241.94501	30.274	15.93	33.38	346.84	374.01	-27.17	3.62	-8.424551682
8	7	2002	241.95	30.318	NaN	NaN	NaN	NaN	NaN	NaN	-7.83
8	7	2002	241.95	30.318	15.87	33.32	348.89999	374.01	-25.11001	4.55	-7.826870258
8	7	2002	241.952	30.324	NaN	NaN	NaN	NaN	NaN	NaN	-8.23
8	7	2002	241.95599	30.324	NaN	NaN	NaN	NaN	NaN	NaN	-7.67
8	7	2002	241.95599	30.324	15.88	33.31	349.38	374.01	-24.63	4.23	-7.671257686
8	7	2002	241.952	30.324	15.87	33.32	347.62	374.01	-26.39	5.10001	-8.225847227
8	7	2002	241.95401	30.326	NaN	NaN	NaN	NaN	NaN	NaN	-7.81
8	7	2002	241.95401	30.326	15.87	33.32	348.97	374.01	-25.04	4.83	-7.805047918
24	7	1998	243.267	30.331	NaN	NaN	NaN	NaN	NaN	NaN	7.19
24	7	1998	243.267	30.331	20.39	33.25	400.95999	367.82	33.13999	5.7	7.193263825
24	7	1998	243.26401	30.346	NaN	NaN	NaN	NaN	NaN	NaN	7.13
24	7	1998	243.26401	30.346	20.4	33.24	400.70999	367.82	32.88999	7.02	7.133790501
8	7	2002	241.968	30.35	NaN	NaN	NaN	NaN	NaN	NaN	-6.49
8	7	2002	241.968	30.35	15.82	33.34	353.26999	374.01	-20.74001	4.33	-6.490962689
8	7	2002	241.96201	30.351	NaN	NaN	NaN	NaN	NaN	NaN	-8.26
8	7	2002	241.96201	30.351	15.79	33.33	347.67001	374.01	-26.33999	4	-8.264521562
8	7	2002	241.97	30.353	NaN	NaN	NaN	NaN	NaN	NaN	-6.12
8	7	2002	241.97	30.353	15.92	33.29	354.31	374.01	-19.7	3.15001	-6.116047357
8	7	2002	241.97299	30.364	NaN	NaN	NaN	NaN	NaN	NaN	-7.73
8	7	2002	241.97299	30.364	15.86	33.26	349.25	374.01	-24.76	3.95	-7.726399338
24	7	1998	243.25999	30.365	NaN	NaN	NaN	NaN	NaN	NaN	6.99
24	7	1998	243.25999	30.365	20.39	33.26	400.04001	367.82	32.22001	5.97	6.99325101
24	7	1998	243.256	30.38	NaN	NaN	NaN	NaN	NaN	NaN	6.85
24	7	1998	243.256	30.38	20.36	33.27	399.29001	367.82	31.47001	4.67	6.846079312
8	7	2002	241.978	30.384	NaN	NaN	NaN	NaN	NaN	NaN	-7.77
8	7	2002	241.978	30.384	15.86	33.3	349.12	374.01	-24.89	5.72	-7.765472953
8	7	2002	241.985	30.404	NaN	NaN	NaN	NaN	NaN	NaN	-7.74
8	7	2002	241.985	30.404	15.87	33.3	349.17001	374.01	-24.83999	5.5	-7.743448437
8	7	2002	241.992	30.415	NaN	NaN	NaN	NaN	NaN	NaN	-7.63
8	7	2002	241.992	30.415	15.88	33.3	349.51999	374.01	-24.49001	2.2	-7.628022986
8	7	2002	241.99899	30.427	NaN	NaN	NaN	NaN	NaN	NaN	-7.57
8	7	2002	241.99899	30.427	15.89	33.31	349.67001	374.01	-24.33999	1.60001	-7.574651393
24	7	1998	243.242	30.445	NaN	NaN	NaN	NaN	NaN	NaN	6.06
24	7	1998	243.242	30.445	20.22	33.26	395.38	367.82	27.56	4.57001	6.06137476
24	7	1998	243.239	30.46	NaN	NaN	NaN	NaN	NaN	NaN	6.07
24	7	1998	243.239	30.46	20.2	33.24	395.39001	367.82	27.57001	5.82001	6.073585937
8	7	2002	242.015	30.47	NaN	NaN	NaN	NaN	NaN	NaN	-7.46
8	7	2002	242.015	30.47	15.91	33.31	350	374.01	-24.01	4.42	-7.459586881
24	7	1998	243.235	30.479	NaN	NaN	NaN	NaN	NaN	NaN	6.15
24	7	1998	243.235	30.479	20.37	33.25	396.10999	367.82	28.28999	4.49001	6.150081727
8	7	2002	242.011	30.492	NaN	NaN	NaN	NaN	NaN	NaN	-7.49
8	7	2002	242.011	30.492	15.91	33.31	349.91	374.01	-24.1	3.77	-7.487548681
24	7	1998	243.23199	30.494	NaN	NaN	NaN	NaN	NaN	NaN	6.43
24	7	1998	243.23199	30.494	20.33	33.27	397.29999	367.82	29.47999	3.75999	6.428128209
8	7	2002	242.019	30.502	NaN	NaN	NaN	NaN	NaN	NaN	-7.67
8	7	2002	242.019	30.502	15.87	33.32	349.39999	374.01	-24.61001	2.78	-7.671018663
8	7	2002	242.026	30.513	NaN	NaN	NaN	NaN	NaN	NaN	-7.78
8	7	2002	242.026	30.513	15.83	33.31	349.13	374.01	-24.88	2.12	-7.781313595
24	7	1998	243.217	30.557	NaN	NaN	NaN	NaN	NaN	NaN	6.73
24	7	1998	243.217	30.557	20.36	33.27	398.75	367.82	30.93	4.12	6.728603935
8	7	2002	242.039	30.56	NaN	NaN	NaN	NaN	NaN	NaN	-8.23
8	7	2002	242.039	30.56	15.79	33.32	347.79001	374.01	-26.21999	5.2	-8.227265588
8	7	2002	242.04599	30.571	NaN	NaN	NaN	NaN	NaN	NaN	-8.3
8	7	2002	242.04599	30.571	15.78	33.31	347.59	374.01	-26.42	7.35001	-8.297307216
24	7	1998	243.214	30.572	NaN	NaN	NaN	NaN	NaN	NaN	6.83
24	7	1998	243.214	30.572	20.44	33.26	399.42001	367.82	31.60001	2.37	6.832115892
8	7	2002	242.043	30.585	NaN	NaN	NaN	NaN	NaN	NaN	-8.31
8	7	2002	242.043	30.585	15.77	33.3	347.57999	374.01	-26.43001	5.33	-8.307744029
24	7	1998	243.21001	30.591	NaN	NaN	NaN	NaN	NaN	NaN	7.1
8	7	2002	242.041	30.591	NaN	NaN	NaN	NaN	NaN	NaN	-8.37
24	7	1998	243.21001	30.591	20.39	33.25	400.54001	367.82	32.72001	0.77	7.102104264
8	7	2002	242.041	30.591	15.77	33.31	347.38	374.01	-26.63	6.07001	-8.370204311
24	7	1998	243.207	30.606	NaN	NaN	NaN	NaN	NaN	NaN	7.16
24	7	1998	243.207	30.606	20.25	33.24	400.47	367.82	32.65	1.60001	7.164764527
8	7	2002	242.05899	30.614	NaN	NaN	NaN	NaN	NaN	NaN	-7.92
8	7	2002	242.05899	30.614	15.84	33.29	348.67999	374.01	-25.33001	5.65001	-7.916249362
8	7	2002	242.064	30.625	NaN	NaN	NaN	NaN	NaN	NaN	-7.62
8	7	2002	242.064	30.625	15.85	33.29	349.60999	374.01	-24.40001	4.85001	-7.61928068
8	7	2002	242.06	30.634	NaN	NaN	NaN	NaN	NaN	NaN	-7.59
8	7	2002	242.06	30.634	15.81	33.3	349.76999	374.01	-24.24001	3.82001	-7.594108049
8	7	2002	242.065	30.657	NaN	NaN	NaN	NaN	NaN	NaN	-6.97
8	7	2002	242.065	30.657	15.88	33.26	351.64999	374.01	-22.36001	3.03	-6.965920411
24	7	1998	243.19299	30.67	NaN	NaN	NaN	NaN	NaN	NaN	6.88
24	7	1998	243.19299	30.67	20.28	33.24	399.23999	367.82	31.41999	3.47	6.878782579
24	7	1998	243.189	30.685	NaN	NaN	NaN	NaN	NaN	NaN	6.85
24	7	1998	243.189	30.685	20.4	33.26	399.42001	367.82	31.60001	5.09	6.853359169
24	7	1998	243.185	30.703	NaN	NaN	NaN	NaN	NaN	NaN	6.97
8	7	2002	242.08301	30.703	NaN	NaN	NaN	NaN	NaN	NaN	-8.16
24	7	1998	243.185	30.703	20.44	33.27	400.04001	367.82	32.22001	4.09	6.9658403
8	7	2002	242.08301	30.703	15.72	33.31	348.16	374.01	-25.85	3.3	-8.15885055
8	7	2002	242.077	30.713	NaN	NaN	NaN	NaN	NaN	NaN	-8.06
8	7	2002	242.077	30.713	15.76	33.29	348.38	374.01	-25.63	4.5	-8.063356627
24	7	1998	243.18201	30.718	NaN	NaN	NaN	NaN	NaN	NaN	6.97
24	7	1998	243.18201	30.718	20.38	33.27	399.92001	367.82	32.10001	5.32001	6.972293449
8	7	2002	242.082	30.723	NaN	NaN	NaN	NaN	NaN	NaN	-7.71
8	7	2002	242.082	30.723	15.86	33.29	349.29001	374.01	-24.71999	4.97	-7.712801947
8	7	2002	242.086	30.744	NaN	NaN	NaN	NaN	NaN	NaN	-7.98
8	7	2002	242.086	30.744	15.88	33.3	348.39999	374.01	-25.61001	5.5	-7.976874854
24	7	1998	243.16901	30.783	NaN	NaN	NaN	NaN	NaN	NaN	6.93
24	7	1998	243.16901	30.783	20.38	33.26	399.72	367.82	31.9	5.42	6.929172044
8	7	2002	242.095	30.788	NaN	NaN	NaN	NaN	NaN	NaN	-7.88
8	7	2002	242.095	30.788	15.88	33.33	348.70001	374.01	-25.30999	3.40001	-7.882289674
24	7	1998	243.166	30.798	NaN	NaN	NaN	NaN	NaN	NaN	7
8	7	2002	242.10001	30.798	NaN	NaN	NaN	NaN	NaN	NaN	-8.15
24	7	1998	243.166	30.798	20.25	33.26	399.70001	367.82	31.88001	9.02	6.995146245
8	7	2002	242.10001	30.798	15.84	33.34	347.92999	374.01	-26.08001	2.65001	-8.148683957
8	7	2002	242.10699	30.809	NaN	NaN	NaN	NaN	NaN	NaN	-8.43
8	7	2002	242.10699	30.809	15.78	33.32	347.17999	374.01	-26.83001	3.95	-8.425667299
24	7	1998	243.162	30.817	NaN	NaN	NaN	NaN	NaN	NaN	6.96
8	7	2002	242.11301	30.817	NaN	NaN	NaN	NaN	NaN	NaN	-7.94
24	7	1998	243.162	30.817	20.15	33.23	399.26999	367.82	31.44999	6.02	6.95567979
8	7	2002	242.11301	30.817	15.83	33.3	348.60999	374.01	-25.40001	5.52	-7.944330585
24	7	1998	243.159	30.833	NaN	NaN	NaN	NaN	NaN	NaN	6.81
24	7	1998	243.159	30.833	20.06	33.23	398.38	367.82	30.56	5.57001	6.806412358
8	7	2002	242.125	30.871	NaN	NaN	NaN	NaN	NaN	NaN	-7.64
8	7	2002	242.125	30.871	15.86	33.29	349.51001	374.01	-24.49999	5.60001	-7.644160478
8	7	2002	242.13	30.879	NaN	NaN	NaN	NaN	NaN	NaN	-7.48
8	7	2002	242.13	30.879	15.92	33.32	349.89999	374.01	-24.11001	5.77	-7.484097011
8	7	2002	242.125	30.889	NaN	NaN	NaN	NaN	NaN	NaN	-7.91
8	7	2002	242.125	30.889	15.89	33.34	348.60001	374.01	-25.40999	4.60001	-7.90649754
24	7	1998	243.149	30.899	NaN	NaN	NaN	NaN	NaN	NaN	6.69
24	7	1998	243.149	30.899	19.85	33.17	397.35001	367.82	29.53001	6.62	6.687608586
24	7	1998	243.146	30.915	NaN	NaN	NaN	NaN	NaN	NaN	6.75
24	7	1998	243.146	30.915	19.85	33.16	397.64001	367.82	29.82001	4.92	6.7535994
25	8	2004	239.24001	31.53	NaN	NaN	NaN	NaN	NaN	NaN	2.93
25	8	2004	239.24001	31.53	19.641	33.196	388.8	376.01	12.75077271	5.05	2.934929026
19	7	1998	262.80801	14.353	NaN	NaN	NaN	NaN	NaN	NaN	1.75
19	7	1998	262.79001	14.364	NaN	NaN	NaN	NaN	NaN	NaN	1.7
19	7	1998	262.77301	14.374	NaN	NaN	NaN	NaN	NaN	NaN	1.62
20	7	1998	262.71701	14.408	NaN	NaN	NaN	NaN	NaN	NaN	1.72
20	7	1998	262.703	14.417	NaN	NaN	NaN	NaN	NaN	NaN	1.77
20	7	1998	262.685	14.427	NaN	NaN	NaN	NaN	NaN	NaN	1.68
20	7	1998	262.67099	14.436	NaN	NaN	NaN	NaN	NaN	NaN	1.68
20	7	1998	262.61099	14.472	NaN	NaN	NaN	NaN	NaN	NaN	1.86
20	7	1998	262.59698	14.481	NaN	NaN	NaN	NaN	NaN	NaN	1.87
20	7	1998	262.57999	14.491	NaN	NaN	NaN	NaN	NaN	NaN	1.9
20	7	1998	262.50699	14.536	NaN	NaN	NaN	NaN	NaN	NaN	1.78
20	7	1998	262.49301	14.544	NaN	NaN	NaN	NaN	NaN	NaN	1.59
20	7	1998	262.47601	14.554	NaN	NaN	NaN	NaN	NaN	NaN	1.57
20	7	1998	262.461	14.563	NaN	NaN	NaN	NaN	NaN	NaN	1.71
20	7	1998	262.401	14.598	NaN	NaN	NaN	NaN	NaN	NaN	1.27
20	7	1998	262.38699	14.606	NaN	NaN	NaN	NaN	NaN	NaN	1.3
20	7	1998	262.36899	14.616	NaN	NaN	NaN	NaN	NaN	NaN	1.32
20	7	1998	262.35501	14.625	NaN	NaN	NaN	NaN	NaN	NaN	1.39
20	7	1998	262.29599	14.661	NaN	NaN	NaN	NaN	NaN	NaN	1.68
20	7	1998	262.28201	14.669	NaN	NaN	NaN	NaN	NaN	NaN	1.65
20	7	1998	262.26401	14.68	NaN	NaN	NaN	NaN	NaN	NaN	1.67
20	7	1998	262.25101	14.688	NaN	NaN	NaN	NaN	NaN	NaN	1.79
20	7	1998	262.19199	14.725	NaN	NaN	NaN	NaN	NaN	NaN	1.5
20	7	1998	262.17801	14.733	NaN	NaN	NaN	NaN	NaN	NaN	1.56
20	7	1998	262.16101	14.744	NaN	NaN	NaN	NaN	NaN	NaN	1.6
20	7	1998	262.147	14.753	NaN	NaN	NaN	NaN	NaN	NaN	1.61
20	7	1998	262.08801	14.79	NaN	NaN	NaN	NaN	NaN	NaN	1.54
20	7	1998	262.07401	14.799	NaN	NaN	NaN	NaN	NaN	NaN	1.46
20	7	1998	262.05701	14.81	NaN	NaN	NaN	NaN	NaN	NaN	1.48
20	7	1998	262.043	14.819	NaN	NaN	NaN	NaN	NaN	NaN	1.36
13	9	2015	262.21088	15.13809	NaN	NaN	NaN	NaN	NaN	NaN	0.92
13	9	2015	262.16431	15.16078	NaN	NaN	NaN	NaN	NaN	NaN	1.2
13	9	2015	262.11758	15.18319	NaN	NaN	NaN	NaN	NaN	NaN	1.3
13	9	2015	261.92972	15.27009	NaN	NaN	NaN	NaN	NaN	NaN	1.33
13	9	2015	261.83664	15.31337	NaN	NaN	NaN	NaN	NaN	NaN	1.32
13	9	2015	261.79044	15.33418	NaN	NaN	NaN	NaN	NaN	NaN	1.1
13	9	2015	261.51801	15.45854	NaN	NaN	NaN	NaN	NaN	NaN	1.48
13	9	2015	261.47363	15.48091	NaN	NaN	NaN	NaN	NaN	NaN	1.6
13	9	2015	261.42944	15.50327	NaN	NaN	NaN	NaN	NaN	NaN	1.59
20	7	1998	260.979	15.508	NaN	NaN	NaN	NaN	NaN	NaN	1.51
20	7	1998	260.966	15.516	NaN	NaN	NaN	NaN	NaN	NaN	1.51
13	9	2015	261.38467	15.52436	NaN	NaN	NaN	NaN	NaN	NaN	1.78
20	7	1998	260.94901	15.526	NaN	NaN	NaN	NaN	NaN	NaN	1.51
20	7	1998	260.87701	15.567	NaN	NaN	NaN	NaN	NaN	NaN	1.54
20	7	1998	260.86301	15.575	NaN	NaN	NaN	NaN	NaN	NaN	1.54
20	7	1998	260.84601	15.585	NaN	NaN	NaN	NaN	NaN	NaN	1.44
20	7	1998	260.832	15.593	NaN	NaN	NaN	NaN	NaN	NaN	1.42
20	7	1998	260.772	15.627	NaN	NaN	NaN	NaN	NaN	NaN	1.56
20	7	1998	260.758	15.635	NaN	NaN	NaN	NaN	NaN	NaN	1.56
20	7	1998	260.741	15.645	NaN	NaN	NaN	NaN	NaN	NaN	1.48
13	9	2015	261.11276	15.64622	NaN	NaN	NaN	NaN	NaN	NaN	1.13
20	7	1998	260.72699	15.653	NaN	NaN	NaN	NaN	NaN	NaN	1.48
20	7	1998	260.66699	15.686	NaN	NaN	NaN	NaN	NaN	NaN	1.61
13	9	2015	261.02307	15.68931	NaN	NaN	NaN	NaN	NaN	NaN	1.38
20	7	1998	260.65302	15.694	NaN	NaN	NaN	NaN	NaN	NaN	1.56
20	7	1998	260.63501	15.704	NaN	NaN	NaN	NaN	NaN	NaN	1.58
13	9	2015	260.97845	15.7112	NaN	NaN	NaN	NaN	NaN	NaN	-0.23
20	7	1998	260.621	15.712	NaN	NaN	NaN	NaN	NaN	NaN	1.7
13	9	2015	260.93399	15.73287	NaN	NaN	NaN	NaN	NaN	NaN	-0.02
20	7	1998	260.56201	15.746	NaN	NaN	NaN	NaN	NaN	NaN	1.64
20	7	1998	260.548	15.754	NaN	NaN	NaN	NaN	NaN	NaN	1.51
13	9	2015	260.88919	15.75459	NaN	NaN	NaN	NaN	NaN	NaN	1.75
20	7	1998	260.53101	15.764	NaN	NaN	NaN	NaN	NaN	NaN	1.56
20	7	1998	260.517	15.773	NaN	NaN	NaN	NaN	NaN	NaN	1.56
13	9	2015	260.8439	15.77617	NaN	NaN	NaN	NaN	NaN	NaN	1.73
20	7	1998	260.45801	15.808	NaN	NaN	NaN	NaN	NaN	NaN	1.7
20	7	1998	260.444	15.816	NaN	NaN	NaN	NaN	NaN	NaN	1.52
13	9	2015	260.75204	15.81708	NaN	NaN	NaN	NaN	NaN	NaN	-0.42
20	7	1998	260.427	15.827	NaN	NaN	NaN	NaN	NaN	NaN	1.36
20	7	1998	260.41299	15.835	NaN	NaN	NaN	NaN	NaN	NaN	1.23
13	9	2015	260.70514	15.83803	NaN	NaN	NaN	NaN	NaN	NaN	-0.23
20	7	1998	260.354	15.871	NaN	NaN	NaN	NaN	NaN	NaN	1.13
20	7	1998	260.34	15.879	NaN	NaN	NaN	NaN	NaN	NaN	1.11
20	7	1998	260.323	15.889	NaN	NaN	NaN	NaN	NaN	NaN	1.1
20	7	1998	260.30899	15.898	NaN	NaN	NaN	NaN	NaN	NaN	1.11
20	7	1998	260.25	15.934	NaN	NaN	NaN	NaN	NaN	NaN	1.14
20	7	1998	260.237	15.942	NaN	NaN	NaN	NaN	NaN	NaN	1.22
20	7	1998	260.21899	15.953	NaN	NaN	NaN	NaN	NaN	NaN	1.67
12	9	2015	259.79758	16.25543	NaN	NaN	NaN	NaN	NaN	NaN	2.04
12	9	2015	259.75266	16.27452	NaN	NaN	NaN	NaN	NaN	NaN	1.76
12	9	2015	259.70792	16.2935	NaN	NaN	NaN	NaN	NaN	NaN	1.52
12	9	2015	259.6637	16.31423	NaN	NaN	NaN	NaN	NaN	NaN	-0.47
20	7	1998	260.21899	15.953	29.84	33.99	383.39001	367.82	15.57001	1.11	1.670608804
20	7	1998	260.66699	15.686	29.67	33.93	382.66	367.82	14.84	0.59	1.612187135
20	7	1998	260.63501	15.704	29.7	33.92	382.35999	367.82	14.53999	4.47	1.576271036
20	7	1998	260.237	15.942	29.79	33.92	379.19	367.82	11.37	3.27	1.224697857
20	7	1998	260.772	15.627	29.71	33.9	382.25	367.82	14.43	3.72	1.563359927
20	7	1998	260.758	15.635	29.68	33.9	382.19	367.82	14.37	3.12	1.560208217
20	7	1998	260.65302	15.694	29.68	33.9	382.22	367.82	14.4	0.49001	1.563465436
20	7	1998	260.621	15.712	29.66	33.9	383.48999	367.82	15.66999	5.74001	1.703792623
20	7	1998	260.741	15.645	29.71	33.89	381.51999	367.82	13.69999	2.14	1.484332967
20	7	1998	260.72699	15.653	29.72	33.89	381.47	367.82	13.65	1.42	1.477858087
20	7	1998	260.832	15.593	29.75	33.87	380.94	367.82	13.12	0.37	1.417548474
20	7	1998	260.87701	15.567	29.87	33.86	382.22	367.82	14.4	0.19	1.542608584
20	7	1998	260.25	15.934	29.56	33.86	378.20999	367.82	10.38999	4.36	1.138019207
20	7	1998	260.86301	15.575	29.88	33.85	382.16	367.82	14.34	1.03999	1.535147812
20	7	1998	260.966	15.516	29.96	33.83	382.04001	367.82	14.22001	0.29001	1.513748601
20	7	1998	260.94901	15.526	29.92	33.83	381.92999	367.82	14.10999	0.52	1.506337734
19	7	1998	262.79001	14.364	29.8	33.82	383.64001	367.82	15.82001	0.09	1.703525546
20	7	1998	260.979	15.508	29.94	33.82	381.95001	367.82	14.13001	3.54001	1.506383536
20	7	1998	260.30899	15.898	29.54	33.82	377.92999	367.82	10.10999	5.77	1.1091286
20	7	1998	262.59698	14.481	29.79	33.81	385.17001	367.82	17.35001	7.72	1.86969543
20	7	1998	262.57999	14.491	29.74	33.81	385.42999	367.82	17.60999	3.99001	1.904516415
20	7	1998	262.56601	14.5	29.74	33.81	385.12	367.82	17.3	0.77	1.870991067
20	7	1998	260.84601	15.585	29.81	33.81	381.20999	367.82	13.38999	1.03999	1.440886508
20	7	1998	260.323	15.889	29.63	33.81	377.95001	367.82	10.13001	3.44	1.104224809
19	7	1998	262.80801	14.353	29.79	33.8	384.06	367.82	16.24	2.94	1.750151257
20	7	1998	262.71701	14.408	29.8	33.8	383.75	367.82	15.93	0.53999	1.715514973
20	7	1998	262.685	14.427	29.81	33.8	383.47	367.82	15.65	4.02	1.684155865
20	7	1998	262.61099	14.472	29.81	33.8	385.07001	367.82	17.25001	0.54001	1.85633901
20	7	1998	262.50699	14.536	29.73	33.8	384.25	367.82	16.43	2.56999	1.77824902
20	7	1998	260.34	15.879	29.6	33.8	377.98999	367.82	10.16999	0.28999	1.111016233
20	7	1998	262.703	14.417	29.81	33.79	384.28	367.82	16.46	2.59	1.771398159
20	7	1998	262.67099	14.436	29.74	33.79	383.32999	367.82	15.50999	5.28999	1.677544284
20	7	1998	260.354	15.871	29.65	33.79	378.20999	367.82	10.38999	0.44	1.131038147
19	7	1998	262.77301	14.374	29.69	33.78	382.78	367.82	14.96	1.27	1.6239312
20	7	1998	260.56201	15.746	29.66	33.77	382.85001	367.82	15.03001	1.86	1.63511055
20	7	1998	260.517	15.773	29.79	33.77	382.28	367.82	14.46	5.16	1.558522652
20	7	1998	260.45801	15.808	29.75	33.77	383.59	367.82	15.77	1.02	1.70459057
12	9	2015	259.79758	16.25543	30.88	33.767	401.10001	380.62	20.48001	1.7	2.042477769
20	7	1998	262.49301	14.544	29.79	33.76	382.60001	367.82	14.78001	3.11	1.593081432
20	7	1998	262.47601	14.554	30	33.76	382.60999	367.82	14.78999	1.55	1.570395345
20	7	1998	260.53101	15.764	29.74	33.76	382.26001	367.82	14.44001	3.56	1.562015242
20	7	1998	260.444	15.816	29.69	33.76	381.78	367.82	13.96	1.82001	1.51550836
20	7	1998	260.427	15.827	29.69	33.76	380.34	367.82	12.52	2.62	1.35918085
12	9	2015	259.75266	16.27452	31.02	33.756	398.14999	380.34	17.80999	7.85	1.758750947
20	7	1998	262.29599	14.661	29.96	33.75	383.60999	367.82	15.78999	5.86	1.681445534
20	7	1998	260.548	15.754	29.69	33.75	381.70001	367.82	13.88001	0.47	1.506888574
20	7	1998	262.35501	14.625	29.84	33.74	380.72	367.82	12.9	4.91	1.385593639
20	7	1998	262.25101	14.688	29.9	33.74	384.54001	367.82	16.72001	1.64	1.788211273
20	7	1998	260.41299	15.835	29.57	33.74	379.09	367.82	11.27	0.64	1.234151895
20	7	1998	262.461	14.563	29.77	33.73	383.69	367.82	15.87	1.90001	1.71323599
20	7	1998	262.401	14.598	29.88	33.73	379.66	367.82	11.84	2.79001	1.26815866
20	7	1998	262.26401	14.68	30.02	33.73	383.60999	367.82	15.78999	1.74001	1.674393506
20	7	1998	262.36899	14.616	29.81	33.72	380.04001	367.82	12.22001	0.42	1.315487864
20	7	1998	262.28201	14.669	29.99	33.72	383.34	367.82	15.52	1.84	1.649364645
20	7	1998	262.19199	14.725	30.12	33.72	382.01999	367.82	14.19999	3.22	1.495136137
20	7	1998	262.17801	14.733	30.02	33.7	382.54999	367.82	14.72999	3.50999	1.562187835
NaN	9	NaN	262.5	12	29.17	33.68	375.3	367.19	8.11	5.46	0.914221193
20	7	1998	262.16101	14.744	30.04	33.68	382.92001	367.82	15.10001	3.95999	1.599279195
20	7	1998	262.07401	14.799	30.1	33.68	381.64999	367.82	13.82999	2.11	1.458505455
20	7	1998	262.147	14.753	30.12	33.67	383.13	367.82	15.31	3.36	1.612351253
20	7	1998	262.08801	14.79	29.95	33.67	382.29999	367.82	14.47999	2.70999	1.543571498
20	7	1998	262.05701	14.81	29.92	33.66	381.64999	367.82	13.82999	0.27	1.477509341
20	7	1998	262.043	14.819	29.8	33.66	380.45001	367.82	12.63001	2.31	1.360944181
20	7	1998	262.38699	14.606	29.83	33.64	379.94	367.82	12.12	2.77	1.303297804
12	9	2015	259.6637	16.31423	30.83	33.579	375.69	380.39001	-4.70001	3.25	-0.470768849
13	9	2015	260.97845	15.7112	30.83	33.56	379.67001	381.92999	-2.25998	4.4	-0.226385247
13	9	2015	261.11276	15.64622	30.84	33.552	392.76999	381.53	11.23999	1.175	1.125164458
13	9	2015	260.8439	15.77617	30.69	33.55	398.97	381.91	17.06	3.375	1.726060689
12	9	2015	259.70792	16.2935	30.74	33.55	395.70001	380.64001	15.06	7.45	1.518308944
13	9	2015	260.93399	15.73287	30.66	33.537	382	382.20999	-0.20999	4.2	-0.021292411
13	9	2015	261.92972	15.27009	30.81	33.534	394.12	380.88	13.24	0.4	1.32829629
13	9	2015	260.88919	15.75459	30.52	33.531	399.81	382.76001	17.04999	3	1.746158579
13	9	2015	262.11758	15.18319	30.83	33.53	393.23999	380.29999	12.94	2.675	1.29638028
13	9	2015	262.16431	15.16078	30.77	33.522	392.12	380.16	11.96	1.7	1.203351802
13	9	2015	261.83664	15.31337	30.71	33.498	394.34	381.26999	13.07001	2.875	1.320781326
13	9	2015	261.47363	15.48091	30.83	33.497	397.04999	381.04999	16	3.675	1.603164911
13	9	2015	262.21088	15.13809	30.71	33.496	388.97	379.89001	9.07999	1.425	0.917580164
13	9	2015	260.70514	15.83803	30.9	33.492	382.79999	385.07001	-2.27002	0.875	-0.226329674
13	9	2015	261.51801	15.45854	30.66	33.486	395.76001	381.17001	14.59	4.575	1.479702942
13	9	2015	261.02307	15.68931	30.74	33.481	396.26999	382.54999	13.72	3	1.383614278
13	9	2015	261.38467	15.52436	30.75	33.48	399.35999	381.69	17.66999	2.2	1.780699978
13	9	2015	261.42944	15.50327	30.76	33.475	397.26999	381.45999	15.81	2.5	1.592161665
13	9	2015	260.75204	15.81708	30.85	33.469	381.10999	385.35001	-4.24002	2.275	-0.424288317
13	9	2015	261.79044	15.33418	30.54	33.467	392.42001	381.66	10.76001	3.3	1.100705912
24	9	2008	267.16061	12.25007	29.21	32.72	316.33	366.60999	-50.27999	12.4	-5.674876352
24	9	2008	267.20724	12.23096	29.32	32.701	324.96	366.48001	-41.52001	12.8	-4.649629834
24	9	2008	267.01849	12.30438	29.05	32.689	336.02	366.98999	-30.96999	12.1	-3.536404007
24	9	2008	267.11365	12.26853	29.13	32.676	317.94	366.69	-48.75	11.2	-5.53500185
24	9	2008	267.0661	12.28662	29.12	32.668	325.65	366.73999	-41.08999	11.2	-4.668815153
24	9	2008	266.78696	12.40424	29.02	32.629	334.18	366.94	-32.76	13.3	-3.749857148
24	9	2008	266.74115	12.42491	28.99	32.61	327.54	366.95001	-39.41001	13.6	-4.521176584
24	9	2008	266.83301	12.38424	29	32.59	339.79	366.98999	-27.19999	13.5	-3.118443528
24	9	2008	266.97174	12.3239	29.02	32.584	333.73	367.06	-33.33	12.8	-3.815836465
24	9	2008	266.69592	12.44641	28.97	32.572	330.77	366.95999	-36.18999	13.2	-4.158435826
24	9	2008	266.60593	12.48977	28.91	32.567	321.55	367.17001	-45.62001	13.9	-5.26483447
24	9	2008	266.65088	12.46821	28.95	32.563	328.63	366.97	-38.34	13.5	-4.412009739
24	9	2008	266.87918	12.36411	29.03	32.554	338.47	367.07999	-28.60999	11.6	-3.273519927
24	9	2008	264.5444	13.48774	28.02	32.545	353.70001	367.14001	-13.44	14.8	-1.654346744
24	9	2008	264.6828	13.42008	28.72	32.539	353.62	366.60999	-12.98999	14	-1.520002248
24	9	2008	266.51691	12.53058	29.15	32.536	333.09	367.22	-34.13	13.3	-3.871809344
24	9	2008	266.92569	12.34376	29.01	32.535	335.78	367.01999	-31.23999	10.1	-3.579886781
24	9	2008	264.4989	13.50936	27.79	32.533	358.17001	367.31	-9.13999	14	-1.144057535
24	9	2008	266.4718	12.54929	29.25	32.521	333.49	367.12	-33.63	14.2	-3.787976787
24	9	2008	264.59036	13.46592	28.32	32.52	350.82001	366.98999	-16.16998	14.2	-1.947784271
24	9	2008	264.63666	13.44326	28.47	32.509	352.39999	366.67999	-14.28	14	-1.701632989
24	9	2008	264.45346	13.53088	27.74	32.485	359.32999	367.32999	-8	14.4	-1.00521883
24	9	2008	264.72925	13.39668	28.82	32.482	349.66	366.51001	-16.85001	13	-1.957974567
24	9	2008	266.56137	12.51085	28.87	32.463	324.86	367.35999	-42.49999	13.1	-4.921126237
24	9	2008	265.26862	13.11971	28.87	32.442	363.32999	365.47	-2.14001	13.3	-0.247816696
24	9	2008	264.86505	13.32584	28.96	32.439	348.19	365.88	-17.69	14.7	-2.035305833
24	9	2008	266.42624	12.56818	29.34	32.428	390.86	366.88	23.98	13.9	2.684671928
24	9	2008	265.3577	13.07548	28.82	32.428	361.51001	365.51999	-4.00998	13.2	-0.466068381
24	9	2008	264.81982	13.3489	28.92	32.426	344.59	365.67001	-21.08001	14.7	-2.432480014
24	9	2008	264.77487	13.37264	28.9	32.426	346.42001	365.84	-19.41999	15.6	-2.24416007
24	9	2008	265.40216	13.05372	28.83	32.42	361.34	365.64999	-4.30999	12.9	-0.50059352
24	9	2008	264.40802	13.55177	27.92	32.419	352.23001	367.23001	-15	15.6	-1.860832228
24	9	2008	265.31311	13.09749	28.84	32.418	360.72	365.48999	-4.76999	13.2	-0.553626417
24	9	2008	265.17917	13.16483	28.93	32.418	364.23001	365.32001	-1.09	13.6	-0.125691728
24	9	2008	264.91022	13.30273	28.97	32.41	352.06	365.76001	-13.70001	14.9	-1.575301131
24	9	2008	265.22394	13.14213	28.88	32.404	363.92001	365.41	-1.48999	13.4	-0.172446971
24	9	2008	264.95572	13.27977	28.96	32.404	355.73001	365.92001	-10.19	12.4	-1.17257627
24	9	2008	265.13452	13.18764	28.93	32.399	363.32001	365.35001	-2.03	13.4	-0.234105477
24	9	2008	265.09015	13.21056	28.93	32.397	361.51001	365.84	-4.32999	15.1	-0.499351259
24	9	2008	265.04565	13.23363	28.92	32.395	359.70001	366.45999	-6.75998	12.4	-0.780156156
24	9	2008	265.89017	12.81862	28.63	32.384	369.28	383.18	-13.9	12.6	-1.638183312
24	9	2008	266.29059	12.62788	28.9	32.383	387.91	366.92999	20.98001	12.2	2.424881489
24	9	2008	265.00082	13.25693	28.93	32.381	357.98999	366.37	-8.38001	12.6	-0.966481511
24	9	2008	266.38068	12.58753	29.37	32.378	389.96	366.66	23.3	13.5	2.603478568
24	9	2008	265.84583	12.84062	28.61	32.375	366.06	383.18	-17.12	12.2	-2.02067238
24	9	2008	266.24573	12.64916	28.88	32.36	389.28	366.94	22.34	12	2.586052053
24	9	2008	265.44693	13.03226	28.8	32.36	361.12	365.72	-4.6	13.2	-0.53557305
24	9	2008	266.33539	12.60723	29.06	32.338	387.47	366.87	20.6	13.5	2.354111877
24	9	2008	265.49152	13.01091	28.8	32.322	358.17001	365.81	-7.63999	12.9	-0.889660783
24	9	2008	265.80179	12.86267	28.64	32.297	362.12	383.18	-21.06	12.5	-2.481158943
24	9	2008	265.93484	12.79675	28.63	32.295	381.88	383.18	-1.3	12.4	-0.153269985
24	9	2008	266.20132	12.67026	28.85	32.29	390.06	366.89001	23.16999	13.7	2.688748132
24	9	2008	265.5361	12.98949	28.78	32.255	352.98001	366.04999	-13.06998	12.7	-1.524608459
24	9	2008	265.58112	12.96865	28.78	32.196	352.01001	366.07999	-14.06998	12.3	-1.641673512
24	9	2008	265.75818	12.88461	28.63	32.191	356.20001	366.35999	-10.15998	12.6	-1.198396872
24	9	2008	265.97989	12.77503	28.64	32.188	384.21	383.18	1.03	12.5	0.121405064
24	9	2008	265.71445	12.90593	28.72	32.187	352.94	366.14001	-13.20001	12.7	-1.54691278
24	9	2008	265.6701	12.92667	28.75	32.159	352.14999	366.07999	-13.93	12.5	-1.629123532
24	9	2008	266.02505	12.75352	28.69	32.154	387.28	366.92001	20.35999	12.3	2.391507254
24	9	2008	265.62576	12.94754	28.76	32.137	351.53	366.13	-14.6	12	-1.706409151
24	9	2008	266.06967	12.73245	28.65	32.079	388.68	366.95001	21.72999	12.1	2.560640633
24	9	2008	266.11401	12.71161	28.66	32.012	388.52	366.98001	21.53999	10.1	2.537147795
24	9	2008	266.15765	12.69087	28.62	32	389.44	367.12	22.32	13.7	2.636770194
20	7	1998	258.539	16.995	NaN	NaN	NaN	NaN	NaN	NaN	1.03
20	7	1998	258.479	17.033	NaN	NaN	NaN	NaN	NaN	NaN	0.97
20	7	1998	258.465	17.041	NaN	NaN	NaN	NaN	NaN	NaN	0.91
20	7	1998	258.44699	17.052	NaN	NaN	NaN	NaN	NaN	NaN	0.91
20	7	1998	258.43201	17.061	NaN	NaN	NaN	NaN	NaN	NaN	0.89
20	7	1998	258.371	17.098	NaN	NaN	NaN	NaN	NaN	NaN	0.98
20	7	1998	258.35699	17.107	NaN	NaN	NaN	NaN	NaN	NaN	0.91
20	7	1998	258.33899	17.118	NaN	NaN	NaN	NaN	NaN	NaN	1.03
20	7	1998	258.32501	17.126	NaN	NaN	NaN	NaN	NaN	NaN	1.15
20	7	1998	258.263	17.163	NaN	NaN	NaN	NaN	NaN	NaN	1.31
20	7	1998	258.24799	17.171	NaN	NaN	NaN	NaN	NaN	NaN	1.29
20	7	1998	258.23001	17.182	NaN	NaN	NaN	NaN	NaN	NaN	1.18
20	7	1998	258.215	17.19	NaN	NaN	NaN	NaN	NaN	NaN	1.14
12	9	2015	257.76395	17.19043	NaN	NaN	NaN	NaN	NaN	NaN	1.59
12	9	2015	257.71973	17.21155	NaN	NaN	NaN	NaN	NaN	NaN	1.69
20	7	1998	258.15302	17.226	NaN	NaN	NaN	NaN	NaN	NaN	1.28
12	9	2015	257.6756	17.23252	NaN	NaN	NaN	NaN	NaN	NaN	1.64
20	7	1998	258.138	17.234	NaN	NaN	NaN	NaN	NaN	NaN	1.25
20	7	1998	258.12	17.245	NaN	NaN	NaN	NaN	NaN	NaN	1.31
20	7	1998	258.10599	17.253	NaN	NaN	NaN	NaN	NaN	NaN	1.45
12	9	2015	257.63132	17.25343	NaN	NaN	NaN	NaN	NaN	NaN	1.43
12	9	2015	257.58713	17.27427	NaN	NaN	NaN	NaN	NaN	NaN	1.07
20	7	1998	258.04401	17.289	NaN	NaN	NaN	NaN	NaN	NaN	1.55
12	9	2015	257.54288	17.29454	NaN	NaN	NaN	NaN	NaN	NaN	0.91
20	7	1998	258.02899	17.297	NaN	NaN	NaN	NaN	NaN	NaN	1.4
20	7	1998	258.01001	17.307	NaN	NaN	NaN	NaN	NaN	NaN	1.3
12	9	2015	257.49857	17.31449	NaN	NaN	NaN	NaN	NaN	NaN	0.89
20	7	1998	257.995	17.316	NaN	NaN	NaN	NaN	NaN	NaN	1.22
12	9	2015	257.45425	17.33442	NaN	NaN	NaN	NaN	NaN	NaN	1.18
20	7	1998	257.92999	17.35	NaN	NaN	NaN	NaN	NaN	NaN	1.21
12	9	2015	257.40964	17.35442	NaN	NaN	NaN	NaN	NaN	NaN	1.32
20	7	1998	257.91501	17.358	NaN	NaN	NaN	NaN	NaN	NaN	1.22
20	7	1998	257.896	17.368	NaN	NaN	NaN	NaN	NaN	NaN	1.31
20	7	1998	257.88101	17.376	NaN	NaN	NaN	NaN	NaN	NaN	1.32
21	7	1998	257.81601	17.411	NaN	NaN	NaN	NaN	NaN	NaN	2.06
21	7	1998	257.80099	17.419	NaN	NaN	NaN	NaN	NaN	NaN	2.14
21	7	1998	257.78299	17.43	NaN	NaN	NaN	NaN	NaN	NaN	2.14
21	7	1998	257.76801	17.438	NaN	NaN	NaN	NaN	NaN	NaN	2.15
21	7	1998	257.70599	17.475	NaN	NaN	NaN	NaN	NaN	NaN	2.28
21	7	1998	257.69199	17.484	NaN	NaN	NaN	NaN	NaN	NaN	2.23
12	9	2015	256.92273	17.57855	NaN	NaN	NaN	NaN	NaN	NaN	1.44
12	9	2015	256.65402	17.69893	NaN	NaN	NaN	NaN	NaN	NaN	0.71
12	9	2015	256.60965	17.71967	NaN	NaN	NaN	NaN	NaN	NaN	0.86
12	9	2015	256.56519	17.74065	NaN	NaN	NaN	NaN	NaN	NaN	0.76
12	9	2015	256.52084	17.76202	NaN	NaN	NaN	NaN	NaN	NaN	0.95
12	9	2015	255.7729	18.14872	NaN	NaN	NaN	NaN	NaN	NaN	1.6
12	9	2015	255.73163	18.17604	NaN	NaN	NaN	NaN	NaN	NaN	1.57
12	9	2015	255.69096	18.20433	NaN	NaN	NaN	NaN	NaN	NaN	1.56
12	9	2015	255.65051	18.23259	NaN	NaN	NaN	NaN	NaN	NaN	1.58
12	9	2015	255.60985	18.26073	NaN	NaN	NaN	NaN	NaN	NaN	1.84
12	9	2015	255.56859	18.2882	NaN	NaN	NaN	NaN	NaN	NaN	1.77
12	9	2015	255.52682	18.31504	NaN	NaN	NaN	NaN	NaN	NaN	2.02
12	9	2015	255.48529	18.34184	NaN	NaN	NaN	NaN	NaN	NaN	1.49
12	9	2015	255.44379	18.36868	NaN	NaN	NaN	NaN	NaN	NaN	1.44
12	9	2015	255.4021	18.39521	NaN	NaN	NaN	NaN	NaN	NaN	1.58
12	9	2015	255.36031	18.42133	NaN	NaN	NaN	NaN	NaN	NaN	1.87
22	7	1998	252.54601	20.507	NaN	NaN	NaN	NaN	NaN	NaN	6.19
22	7	1998	252.53101	20.515	NaN	NaN	NaN	NaN	NaN	NaN	6.17
22	7	1998	252.46899	20.551	NaN	NaN	NaN	NaN	NaN	NaN	5.78
22	7	1998	252.45399	20.559	NaN	NaN	NaN	NaN	NaN	NaN	5.79
22	7	1998	252.436	20.57	NaN	NaN	NaN	NaN	NaN	NaN	5.6
22	7	1998	252.42101	20.578	NaN	NaN	NaN	NaN	NaN	NaN	5.37
22	7	1998	252.36099	20.619	NaN	NaN	NaN	NaN	NaN	NaN	4.96
22	7	1998	252.347	20.629	NaN	NaN	NaN	NaN	NaN	NaN	4.65
22	7	1998	252.33	20.641	NaN	NaN	NaN	NaN	NaN	NaN	4.43
22	7	1998	252.31599	20.65	NaN	NaN	NaN	NaN	NaN	NaN	4.37
22	7	1998	252.256	20.691	NaN	NaN	NaN	NaN	NaN	NaN	4.25
22	7	1998	252.242	20.701	NaN	NaN	NaN	NaN	NaN	NaN	4.62
22	7	1998	252.22501	20.713	NaN	NaN	NaN	NaN	NaN	NaN	4.66
22	7	1998	252.211	20.722	NaN	NaN	NaN	NaN	NaN	NaN	4.56
22	7	1998	252.15199	20.762	NaN	NaN	NaN	NaN	NaN	NaN	4.68
22	7	1998	252.138	20.771	NaN	NaN	NaN	NaN	NaN	NaN	4.84
22	7	1998	252.121	20.783	NaN	NaN	NaN	NaN	NaN	NaN	4.91
22	7	1998	252.10699	20.793	NaN	NaN	NaN	NaN	NaN	NaN	4.97
22	7	1998	252.047	20.831	NaN	NaN	NaN	NaN	NaN	NaN	5.04
22	7	1998	252.033	20.84	NaN	NaN	NaN	NaN	NaN	NaN	5.04
22	7	1998	252.015	20.851	NaN	NaN	NaN	NaN	NaN	NaN	4.89
22	7	1998	252.00101	20.86	NaN	NaN	NaN	NaN	NaN	NaN	4.85
22	7	1998	251.94099	20.898	NaN	NaN	NaN	NaN	NaN	NaN	4.68
22	7	1998	251.92799	20.907	NaN	NaN	NaN	NaN	NaN	NaN	4.91
22	7	1998	251.91	20.919	NaN	NaN	NaN	NaN	NaN	NaN	5
22	7	1998	251.896	20.928	NaN	NaN	NaN	NaN	NaN	NaN	5.08
22	7	1998	250.315	21.85	NaN	NaN	NaN	NaN	NaN	NaN	8.83
22	7	1998	250.255	21.883	NaN	NaN	NaN	NaN	NaN	NaN	8.97
22	7	1998	250.241	21.891	NaN	NaN	NaN	NaN	NaN	NaN	8.52
22	7	1998	250.22301	21.901	NaN	NaN	NaN	NaN	NaN	NaN	8.49
22	7	1998	250.20799	21.909	NaN	NaN	NaN	NaN	NaN	NaN	8.66
22	7	1998	250.14799	21.943	NaN	NaN	NaN	NaN	NaN	NaN	8.4
22	7	1998	250.133	21.951	NaN	NaN	NaN	NaN	NaN	NaN	8.5
22	7	1998	250.11501	21.961	NaN	NaN	NaN	NaN	NaN	NaN	8.66
22	7	1998	250.101	21.969	NaN	NaN	NaN	NaN	NaN	NaN	8.47
22	7	1998	250.039	22.003	NaN	NaN	NaN	NaN	NaN	NaN	8.61
22	7	1998	250.02499	22.011	NaN	NaN	NaN	NaN	NaN	NaN	8.68
22	7	1998	250.007	22.021	NaN	NaN	NaN	NaN	NaN	NaN	8.72
22	7	1998	249.992	22.029	NaN	NaN	NaN	NaN	NaN	NaN	8.71
22	7	1998	249.931	22.062	NaN	NaN	NaN	NaN	NaN	NaN	8.97
22	7	1998	249.91701	22.07	NaN	NaN	NaN	NaN	NaN	NaN	9.06
22	7	1998	249.899	22.08	NaN	NaN	NaN	NaN	NaN	NaN	9.08
22	7	1998	249.88499	22.088	NaN	NaN	NaN	NaN	NaN	NaN	9.1
22	7	1998	249.823	22.121	NaN	NaN	NaN	NaN	NaN	NaN	8.72
22	7	1998	249.808	22.128	NaN	NaN	NaN	NaN	NaN	NaN	8.79
22	7	1998	249.78999	22.138	NaN	NaN	NaN	NaN	NaN	NaN	8.82
22	7	1998	249.77499	22.145	NaN	NaN	NaN	NaN	NaN	NaN	8.76
22	7	1998	249.714	22.179	NaN	NaN	NaN	NaN	NaN	NaN	8.53
22	7	1998	249.7	22.187	NaN	NaN	NaN	NaN	NaN	NaN	8.38
22	7	1998	249.68201	22.197	NaN	NaN	NaN	NaN	NaN	NaN	8.29
22	7	1998	249.668	22.205	NaN	NaN	NaN	NaN	NaN	NaN	8.19
22	7	1998	249.60699	22.24	NaN	NaN	NaN	NaN	NaN	NaN	8.29
22	7	1998	249.593	22.248	NaN	NaN	NaN	NaN	NaN	NaN	8.33
22	7	1998	249.575	22.258	NaN	NaN	NaN	NaN	NaN	NaN	8.43
22	7	1998	249.56	22.266	NaN	NaN	NaN	NaN	NaN	NaN	8.48
22	7	1998	249.498	22.301	NaN	NaN	NaN	NaN	NaN	NaN	8.5
22	7	1998	249.483	22.31	NaN	NaN	NaN	NaN	NaN	NaN	8.53
22	7	1998	250.315	21.85	28.1	34.73	440.69	367.82	72.87	2.14	8.833970744
22	7	1998	250.11501	21.961	27.68	34.72	437.14001	367.82	69.32001	4.12	8.663852984
22	7	1998	250.22301	21.901	27.79	34.71	436.26999	367.82	68.44999	1.47	8.487445204
22	7	1998	250.101	21.969	27.87	34.71	436.51001	367.82	68.69001	3.72	8.467921191
22	7	1998	250.20799	21.909	27.68	34.7	437.10999	367.82	69.28999	2.42	8.660852709
22	7	1998	250.14799	21.943	27.83	34.7	435.73001	367.82	67.91001	2.49001	8.396452882
22	7	1998	250.133	21.951	27.88	34.7	436.85001	367.82	69.03001	1.87	8.504034674
22	7	1998	252.703	20.449	28.85	34.69	423.29999	367.82	55.47999	3.77	6.37225552
22	7	1998	252.653	20.471	28.84	34.69	420.54001	367.82	52.72001	4.52	6.05961676
22	7	1998	252.688	20.457	28.8	34.68	422.42001	367.82	54.60001	1.87	6.294086496
22	7	1998	252.66901	20.466	28.81	34.68	420.94	367.82	53.12	1.97	6.119065391
22	7	1998	250.255	21.883	27.57	34.68	439	367.82	71.18	5.62	8.969250769
22	7	1998	250.241	21.891	27.63	34.68	435.70999	367.82	67.88999	3.44	8.517471761
22	7	1998	250.039	22.003	27.74	34.67	437.01001	367.82	69.19001	3.74001	8.611885548
22	7	1998	249.823	22.121	27.96	34.67	439.01001	367.82	71.19001	5.39	8.720545623
22	7	1998	249.808	22.128	28	34.67	439.79001	367.82	71.97001	7.03999	8.790573746
22	7	1998	249.78999	22.138	27.89	34.67	439.48999	367.82	71.66999	5.31	8.824008519
22	7	1998	249.77499	22.145	27.76	34.67	438.32999	367.82	70.50999	1.56999	8.763449002
22	7	1998	252.46899	20.551	29	34.66	418.70001	367.82	50.88001	0.2	5.781884794
22	7	1998	249.992	22.029	27.76	34.66	437.88	367.82	70.06	1.42	8.707898858
22	7	1998	249.91701	22.07	28.09	34.66	442.5	367.82	74.68	3.62	9.062694628
22	7	1998	250.02499	22.011	27.75	34.65	437.60001	367.82	69.78001	1.34	8.679772036
22	7	1998	250.007	22.021	27.75	34.65	437.92999	367.82	70.10999	6.72	8.720817476
22	7	1998	249.931	22.062	28.11	34.65	441.85999	367.82	74.03999	1.60001	8.972411508
22	7	1998	249.899	22.08	28.01	34.65	442.20001	367.82	74.38001	0.78999	9.079141265
22	7	1998	249.88499	22.088	27.94	34.65	441.97	367.82	74.15	1.19	9.097099685
22	7	1998	249.714	22.179	27.7	34.65	436.10999	367.82	68.28999	2.14	8.52532096
22	7	1998	249.68201	22.197	27.7	34.65	434.19	367.82	66.37	0.65001	8.285629447
22	7	1998	249.7	22.187	27.66	34.64	434.75	367.82	66.93	0.25	8.380209277
22	7	1998	249.668	22.205	27.7	34.64	433.45001	367.82	65.63001	3.2	8.19360463
22	7	1998	251.92799	20.907	29.16	34.62	411.5	367.82	43.68	5.95999	4.907740291
22	7	1998	249.593	22.248	27.82	34.62	435.14001	367.82	67.32001	2	8.3324335
22	7	1998	249.60699	22.24	27.79	34.61	434.67001	367.82	66.85001	4.32001	8.29265002
22	7	1998	249.575	22.258	27.85	34.61	436.07001	367.82	68.25001	0.22	8.429543562
22	7	1998	252.53101	20.515	28.52	34.6	420.29001	367.82	52.47001	0.57001	6.174080413
22	7	1998	252.45399	20.559	28.92	34.6	418.42999	367.82	50.60999	5.19	5.785901322
22	7	1998	249.56	22.266	27.8	34.6	436.20001	367.82	68.38001	2.86	8.476658859
22	7	1998	249.498	22.301	27.85	34.59	436.62	367.82	68.8	0.25	8.498209
22	7	1998	252.582	20.494	28.42	34.58	421.32001	367.82	53.50001	1.27	6.341462718
22	7	1998	252.54601	20.507	28.47	34.58	420.20999	367.82	52.38999	0.92	6.18749818
22	7	1998	252.436	20.57	28.87	34.58	416.60001	367.82	48.78001	4.49001	5.597289141
22	7	1998	249.483	22.31	27.63	34.58	435.78	367.82	67.96	0.72	8.529958334
22	7	1998	252.56599	20.499	28.41	34.57	420.76999	367.82	52.94999	0.39	6.281075197
22	7	1998	252.42101	20.578	28.85	34.57	414.51999	367.82	46.69999	0.67	5.366572106
22	7	1998	251.91	20.919	29.09	34.57	412.12	367.82	44.3	7.47	5.003584621
22	7	1998	252.047	20.831	29.22	34.54	412.85999	367.82	45.03999	0.31999	5.040492056
22	7	1998	252.033	20.84	29.13	34.54	412.56	367.82	44.74	0.53999	5.03941352
22	7	1998	252.00101	20.86	29.18	34.54	410.98999	367.82	43.16999	2.95999	4.845124884
22	7	1998	251.94099	20.898	29.02	34.54	409.04001	367.82	41.22001	2.75999	4.679810767
22	7	1998	252.015	20.851	29.12	34.53	411.17999	367.82	43.35999	2.81999	4.88769409
22	7	1998	251.896	20.928	29	34.53	412.48999	367.82	44.66999	0.12	5.079017317
22	7	1998	252.10699	20.793	28.81	34.52	410.94	367.82	43.12	2.19	4.970541919
22	7	1998	252.242	20.701	28.9	34.5	408.17001	367.82	40.35001	4.61	4.621574306
22	7	1998	252.121	20.783	28.75	34.5	410.26999	367.82	42.44999	0.44	4.914938817
22	7	1998	252.256	20.691	28.95	34.49	405.04999	367.82	37.22999	4.99001	4.249072834
22	7	1998	252.15199	20.762	28.92	34.49	408.73999	367.82	40.91999	1.95999	4.680312946
22	7	1998	252.138	20.771	28.82	34.49	409.79999	367.82	41.97999	0.79001	4.836266384
22	7	1998	252.36099	20.619	28.96	34.45	411.29001	367.82	43.47001	0.75	4.95852724
22	7	1998	252.22501	20.713	28.95	34.44	408.63	367.82	40.81	5.27	4.658657917
22	7	1998	252.211	20.722	28.97	34.43	407.82001	367.82	40.00001	2.78999	4.559818923
22	7	1998	252.31599	20.65	28.91	34.42	406	367.82	38.18	3.81	4.371377018
22	7	1998	252.347	20.629	28.99	34.41	408.70999	367.82	40.88999	1.17	4.6549652
22	7	1998	252.33	20.641	28.96	34.41	406.64999	367.82	38.82999	1.97	4.430009021
12	9	2015	254.9942	18.66678	30.45	33.917	398.44	381.06	17.38	2.475	1.785939885
12	9	2015	255.03532	18.64032	30.56	33.868	396.64999	381	15.64999	8.9	1.595962371
21	7	1998	257.70599	17.475	30.1	33.84	389.42001	367.82	21.60001	3.37	2.27638868
21	7	1998	257.69199	17.484	30.09	33.84	388.94	367.82	21.12	3.64	2.22739081
21	7	1998	257.76801	17.438	30.11	33.82	388.20999	367.82	20.38999	0.25999	2.147514828
21	7	1998	257.81601	17.411	30.1	33.81	387.41	367.82	19.59	1	2.064818938
21	7	1998	257.78299	17.43	30.08	33.8	388.09	367.82	20.27	1.31999	2.139635415
12	9	2015	255.0757	18.61267	30.49	33.793	396.89001	381.01999	15.87002	1.85	1.626990978
21	7	1998	257.80099	17.419	30.07	33.79	388.10001	367.82	20.28001	0.53999	2.142311719
12	9	2015	255.11574	18.58469	30.46	33.752	400.62	381.01001	19.60999	5.2	2.015055695
20	7	1998	258.10599	17.253	29.72	33.73	381.23999	367.82	13.41999	6.44	1.453942593
20	7	1998	258.539	16.995	29.33	33.72	377.03	367.82	9.21	2.12	1.026175217
20	7	1998	258.04401	17.289	29.67	33.72	382.03	367.82	14.21	4.25999	1.545122846
20	7	1998	257.88101	17.376	29.87	33.71	380.17001	367.82	12.35001	2.29001	1.323843494
20	7	1998	258.23001	17.182	29.42	33.7	378.48001	367.82	10.66001	0.44	1.180184221
20	7	1998	258.12	17.245	29.73	33.7	379.94	367.82	12.12	5.75	1.312326746
20	7	1998	258.371	17.098	29.26	33.69	376.57999	367.82	8.75999	0.45	0.981082188
20	7	1998	258.35699	17.107	29.43	33.68	376.04999	367.82	8.22999	0.75	0.910577155
20	7	1998	258.33899	17.118	29.7	33.67	377.29999	367.82	9.47999	0.95	1.028811206
20	7	1998	258.32501	17.126	29.54	33.67	378.28	367.82	10.46	1.77	1.148259291
20	7	1998	258.263	17.163	29.52	33.67	379.72	367.82	11.9	0.65001	1.308212336
20	7	1998	258.24799	17.171	29.51	33.67	379.54001	367.82	11.72001	5.59	1.289349911
20	7	1998	258.02899	17.297	29.61	33.67	380.60001	367.82	12.78001	2.34	1.395917504
20	7	1998	258.215	17.19	29.63	33.66	378.26001	367.82	10.44001	4.47	1.138742078
20	7	1998	257.896	17.368	29.68	33.66	379.85999	367.82	12.03999	3.82001	1.308562878
20	7	1998	258.01001	17.307	29.63	33.65	379.76999	367.82	11.94999	1.47	1.303498246
20	7	1998	257.91501	17.358	29.74	33.65	379.10001	367.82	11.28001	2.62	1.220759227
20	7	1998	257.995	17.316	29.69	33.64	379.09	367.82	11.27	0.53999	1.224103523
20	7	1998	257.92999	17.35	29.77	33.64	379.04001	367.82	11.22001	2.14	1.211711817
20	7	1998	258.479	17.033	29.41	33.63	376.53	367.82	8.71	1.97	0.965276236
20	7	1998	258.43201	17.061	29.38	33.63	375.81	367.82	7.99	0.37	0.887392429
20	7	1998	258.138	17.234	29.66	33.63	379.32999	367.82	11.50999	0.77	1.252913485
20	7	1998	258.44699	17.052	29.41	33.62	376.07001	367.82	8.25001	2.95	0.914337296
20	7	1998	258.465	17.041	29.4	33.61	376.04999	367.82	8.22999	1.66	0.912812492
20	7	1998	258.15302	17.226	29.63	33.6	379.51001	367.82	11.69001	2.97	1.275410735
12	9	2015	255.52682	18.31504	30.47	33.578	400.41	380.73001	19.67999	5.75	2.022290701
12	9	2015	255.56859	18.2882	30.4	33.546	397.92001	380.78	17.14001	4.625	1.77032317
12	9	2015	255.60985	18.26073	30.48	33.533	398.64001	380.73999	17.90002	4.825	1.838422891
12	9	2015	255.36031	18.42133	30.47	33.518	398.89001	380.64999	18.24002	3.975	1.874794651
12	9	2015	257.6756	17.23252	30.36	33.517	397.66	381.81	15.85	3.525	1.641954703
12	9	2015	257.71973	17.21155	30.37	33.516	398.14999	381.82001	16.32998	4.725	1.690479876
12	9	2015	257.58713	17.27427	30.31	33.512	392.17999	381.88	10.29999	1.775	1.070841505
12	9	2015	257.63132	17.25343	30.34	33.511	395.64999	381.85001	13.79998	2.275	1.431661007
12	9	2015	257.76395	17.19043	30.28	33.506	397.20001	381.92999	15.27002	0.725	1.590990994
12	9	2015	257.54288	17.29454	30.31	33.506	390.64001	381.85999	8.78002	1.9	0.912840471
12	9	2015	257.49857	17.31449	30.27	33.505	390.39001	381.85999	8.53002	1.125	0.88938465
12	9	2015	256.92273	17.57855	30.14	33.505	394.92999	381.29001	13.63998	3.875	1.435426618
12	9	2015	255.65051	18.23259	30.39	33.494	396.17999	380.87	15.30999	5.4	1.582781007
12	9	2015	257.45425	17.33442	30.25	33.493	393.13	381.84	11.29	1.7	1.178894282
12	9	2015	255.7729	18.14872	30.43	33.487	396.32999	380.84	15.48999	0.95	1.596881948
12	9	2015	255.73163	18.17604	30.39	33.484	396.14001	380.91	15.23001	1.4	1.574578833
12	9	2015	255.69096	18.20433	30.38	33.482	396	380.94	15.06	3.75	1.558124609
12	9	2015	257.40964	17.35442	30.2	33.479	394.45001	381.84	12.61001	1.65	1.321511284
12	9	2015	255.4021	18.39521	30.36	33.437	396.04999	380.76999	15.28	0.75	1.583440283
12	9	2015	255.48529	18.34184	30.37	33.414	395.14001	380.78	14.36001	5.55	1.487187653
12	9	2015	255.44379	18.36868	30.36	33.41	394.70999	380.76999	13.94	4.7	1.444742767
12	9	2015	256.52084	17.76202	30.28	33.323	390.03	380.94	9.09	4.65	0.947823042
12	9	2015	256.56519	17.74065	30.22	33.244	388.31	381.01001	7.29999	4.35	0.764696154
12	9	2015	256.60965	17.71967	30.3	33.236	389.16	380.94	8.22	3.15	0.856200127
12	9	2015	256.65402	17.69893	30.33	33.168	387.73001	380.94	6.79001	3.45	0.705943027